<Ticker>,<DTYYYYMMDD>,<Open>,<High>,<Low>,<Close>,<Volume>
AAA,20150417,12.4,13.2,12.3,13.0,1349916
AAA,20150416,12.3,12.7,12.3,12.4,624200
AAA,20150415,12.5,12.6,12.3,12.6,631401
AAA,20150414,12.5,12.6,12.3,12.5,1053000
AAA,20150413,12.7,12.8,12.5,12.5,259800
AAA,20150410,12.9,13.1,12.8,12.8,113800
AAA,20150409,12.7,13.0,12.7,13.0,147400
AAA,20150408,12.6,12.7,12.5,12.7,84100
AAA,20150407,12.4,12.6,12.4,12.5,114910
AAA,20150406,12.4,12.6,12.4,12.4,95700
AAA,20150403,12.5,12.6,12.4,12.4,40000
AAA,20150402,12.3,12.5,12.0,12.5,160200
AAA,20150401,12.6,12.6,12.3,12.3,270700
AAA,20150331,12.4,12.7,12.3,12.6,66800
AAA,20150330,12.7,12.8,12.4,12.4,304850
AAA,20150327,13.0,13.0,12.7,12.8,253500
AAA,20150326,13.1,13.1,12.9,13.0,452300
AAA,20150325,13.1,13.2,12.9,13.0,146300
AAA,20150324,13.0,13.1,13.0,13.1,484800
AAA,20150323,13.1,13.1,12.9,13.0,407139
AAA,20150320,13.0,13.1,13.0,13.1,117756
AAA,20150319,13.0,13.1,12.9,13.1,344500
AAA,20150318,13.1,13.1,12.8,12.9,251700
AAA,20150317,13.0,13.2,13.0,13.1,361601
AAA,20150316,13.2,13.3,13.0,13.0,332200
AAA,20150313,13.4,13.4,13.2,13.2,134600
AAA,20150312,13.4,13.6,13.3,13.3,184200
AAA,20150311,13.4,13.4,13.3,13.3,163310
AAA,20150310,13.4,13.6,13.3,13.4,161201
AAA,20150309,13.5,13.6,13.4,13.4,217800
AAA,20150306,13.7,13.8,13.6,13.6,288800
AAA,20150305,13.6,13.9,13.5,13.7,731400
AAA,20150304,13.6,13.6,13.4,13.5,301600
AAA,20150303,13.4,13.6,13.3,13.5,284300
AAA,20150302,13.6,13.7,13.3,13.3,233504
AAA,20150227,13.1,13.7,13.0,13.6,759296
AAA,20150226,13.0,13.1,13.0,13.0,317400
AAA,20150225,13.1,13.2,13.0,13.1,142100
AAA,20150224,13.1,13.2,13.0,13.1,101300
AAA,20150213,13.0,13.1,12.9,13.0,223216
AAA,20150212,13.0,13.1,13.0,13.0,102200
AAA,20150211,13.0,13.1,12.9,12.9,240300
AAA,20150210,13.0,13.1,12.9,13.0,350010
AAA,20150209,13.0,13.0,12.8,13.0,365200
AAA,20150206,12.9,13.1,12.8,13.0,457500
AAA,20150205,13.0,13.1,12.9,12.9,248000
AAA,20150204,12.4,13.1,12.4,13.0,903809
AAA,20150203,13.0,13.0,12.5,12.9,1530400
AAA,20150202,13.1,13.2,13.0,13.0,258600
AAA,20150130,13.3,13.4,13.0,13.0,426300
AAA,20150129,13.3,13.4,13.1,13.3,299100
AAA,20150128,13.3,13.4,13.1,13.2,310840
AAA,20150127,13.6,13.6,13.2,13.3,849750
AAA,20150126,13.6,13.7,13.5,13.6,357500
AAA,20150123,13.5,13.6,13.4,13.5,503000
AAA,20150122,13.5,13.5,13.3,13.5,291000
AAA,20150121,13.5,13.6,13.4,13.4,209601
AAA,20150120,13.6,13.7,13.4,13.4,524300
AAA,20150119,13.8,13.8,13.5,13.6,170700
AAA,20150116,13.7,13.9,13.5,13.7,510500
AAA,20150115,12.5,13.9,12.5,13.7,692500
AAA,20150114,13.8,13.9,13.5,13.8,260900
AAA,20150113,13.5,13.9,13.5,13.8,454800
AAA,20150112,13.9,13.9,13.5,13.5,1269500
AAA,20150109,14.2,14.3,13.9,13.9,753100
AAA,20150108,14.5,14.5,14.1,14.2,338400
AAA,20150107,14.0,14.9,13.9,14.5,1209900
AAA,20150106,13.7,14.0,13.4,14.0,453200
AAA,20150105,13.9,14.0,13.7,13.8,284100
AAA,20141231,13.5,14.1,13.5,13.9,809710
AAA,20141230,13.2,13.4,12.7,13.4,400700
AAA,20141229,13.5,13.7,13.0,13.1,381600
AAA,20141226,13.5,13.7,13.2,13.5,312600
AAA,20141225,13.7,13.9,13.5,13.6,468500
AAA,20141224,13.7,13.9,13.6,13.8,423026
AAA,20141223,14.3,14.3,13.7,13.7,951100
AAA,20141222,13.2,14.3,13.2,14.3,747010
AAA,20141219,14.1,14.4,12.9,13.2,1698250
AAA,20141218,15.7,16.1,14.1,14.1,3578400
AAA,20141217,16.2,16.3,14.7,15.6,2201800
AAA,20141216,16.6,16.6,16.1,16.1,881100
AAA,20141215,16.7,16.9,16.6,16.7,685510
AAA,20141212,16.6,16.8,16.5,16.7,445000
AAA,20141211,16.8,17.1,16.6,16.6,800500
AAA,20141210,16.5,17.2,16.2,17.0,1151400
AAA,20141209,17.3,17.6,16.3,16.3,1573700
AAA,20141208,17.4,17.9,17.4,17.6,1213726
AAA,20141205,17.4,17.8,17.0,17.4,1477110
AAA,20141204,17.8,18.1,17.4,17.5,1351231
AAA,20141203,17.9,18.1,17.7,17.8,1423603
AAA,20141202,17.7,18.2,17.5,17.9,1272200
AAA,20141201,17.7,18.4,17.4,17.7,1892600
AAA,20141128,16.8,18.0,16.8,17.7,3639056
AAA,20141127,16.2,16.7,16.0,16.7,745800
AAA,20141126,16.4,17.1,16.2,16.2,2236000
AAA,20141125,16.5,16.6,16.2,16.5,314920
AAA,20141124,16.5,16.7,16.2,16.5,786700
AAA,20141121,15.9,17.1,15.9,16.3,3252370
AAA,20141120,16.0,16.1,15.7,16.0,450500
AAA,20141119,16.0,16.0,15.6,15.9,304600
AAA,20141118,15.8,16.4,15.5,16.0,1810900
AAA,20141117,15.9,16.0,15.6,15.8,224400
AAA,20141114,15.9,16.0,15.7,15.8,177400
AAA,20141113,16.1,16.2,15.9,16.1,138300
AAA,20141112,16.0,16.1,15.9,16.1,180000
AAA,20141111,16.2,16.3,15.8,15.8,416500
AAA,20141110,16.3,16.7,16.2,16.2,299700
AAA,20141107,16.2,16.2,15.9,16.2,120000
AAA,20141106,15.7,16.5,15.7,16.2,685600
AAA,20141105,15.6,15.6,15.3,15.6,113000
AAA,20141104,15.8,15.8,15.6,15.6,50600
AAA,20141103,15.7,15.9,15.6,15.8,188100
AAA,20141031,15.5,15.6,15.3,15.6,182500
AAA,20141030,15.5,15.5,15.3,15.4,114400
AAA,20141029,15.2,15.5,15.1,15.5,109200
AAA,20141028,15.2,15.2,15.0,15.1,111300
AAA,20141027,15.6,15.6,14.9,15.2,85400
AAA,20141024,15.7,15.7,15.3,15.5,74600
AAA,20141023,15.7,15.7,15.4,15.5,124100
AAA,20141022,15.6,15.7,15.5,15.7,86200
AAA,20141021,15.5,15.6,15.3,15.6,83200
AAA,20141020,15.9,15.9,15.5,15.5,66600
AAA,20141017,15.5,15.6,15.1,15.6,149500
AAA,20141016,15.8,15.8,15.0,15.3,347100
AAA,20141015,16.0,16.0,15.7,15.9,166100
AAA,20141014,16.3,16.4,15.9,15.9,199000
AAA,20141013,16.1,16.3,16.0,16.3,176300
AAA,20141010,16.2,16.4,16.1,16.1,246210
AAA,20141009,16.5,16.5,16.3,16.4,198800
AAA,20141008,16.3,16.7,16.2,16.4,351200
AAA,20141007,16.6,16.7,16.3,16.3,695400
AAA,20141006,16.7,16.9,16.6,16.7,210700
AAA,20141003,16.4,16.9,16.4,16.7,480600
AAA,20141002,16.1,16.7,16.1,16.5,438800
AAA,20141001,16.0,16.2,15.7,16.1,291300
AAA,20140930,15.8,15.9,15.6,15.7,174440
AAA,20140929,16.0,16.0,15.5,15.8,306100
AAA,20140926,16.2,16.2,16.0,16.0,184700
AAA,20140925,16.0,16.2,15.8,16.2,251200
AAA,20140924,16.1,16.2,15.9,16.2,361300
AAA,20140923,16.3,16.3,16.0,16.1,442900
AAA,20140922,16.6,16.7,16.3,16.3,327200
AAA,20140919,16.8,16.8,16.6,16.6,162900
AAA,20140918,16.5,17.1,16.4,16.7,1303200
AAA,20140917,16.9,16.9,16.5,16.5,629300
AAA,20140916,16.5,16.7,16.3,16.7,416800
AAA,20140915,16.8,17.1,16.7,16.7,554700
AAA,20140912,16.7,16.8,16.6,16.8,555300
AAA,20140911,16.8,17.0,16.6,16.7,794500
AAA,20140910,16.8,16.9,16.5,16.8,368400
AAA,20140909,17.4,17.5,16.4,16.7,784540
AAA,20140908,16.8,17.6,16.7,17.4,1728570
AAA,20140905,16.7,16.7,16.6,16.7,365100
AAA,20140904,17.0,17.0,16.5,16.6,429106
AAA,20140903,16.8,17.0,16.7,16.9,745550
AAA,20140829,16.9,16.9,16.6,16.8,254600
AAA,20140828,16.6,17.0,16.6,16.8,487400
AAA,20140827,17.1,17.1,16.4,16.5,565100
AAA,20140826,17.2,17.2,15.7,17.1,1468650
AAA,20140825,15.6,15.9,15.6,15.7,728050
AAA,20140822,15.5,15.6,15.4,15.4,624456
AAA,20140821,15.9,16.1,15.4,15.7,928000
AAA,20140820,15.9,16.1,15.7,15.9,396776
AAA,20140819,16.4,16.5,15.8,15.9,903600
AAA,20140818,16.2,16.7,16.1,16.4,1033900
AAA,20140815,16.5,16.6,16.0,16.2,450200
AAA,20140814,17.6,17.6,16.3,16.5,1038300
AAA,20140813,14.6,16.1,14.5,16.1,1742800
AAA,20140812,14.7,14.7,14.6,14.6,42100
AAA,20140811,14.9,14.9,14.6,14.8,143100
AAA,20140808,14.4,14.9,14.4,14.9,384700
AAA,20140807,14.4,14.5,14.3,14.4,88800
AAA,20140806,14.4,14.4,14.3,14.4,107400
AAA,20140805,14.4,14.5,14.3,14.4,141000
AAA,20140804,14.1,14.2,14.0,14.2,46410
AAA,20140801,14.2,14.2,14.0,14.1,143100
AAA,20140731,14.2,14.3,14.0,14.2,155400
AAA,20140730,14.0,14.2,14.0,14.1,137600
AAA,20140729,14.2,14.4,14.0,14.2,80400
AAA,20140728,14.6,14.6,14.1,14.2,297300
AAA,20140725,15.0,15.0,14.6,14.6,252100
AAA,20140724,14.8,15.1,14.6,15.0,360000
AAA,20140723,14.9,15.1,14.8,14.8,67300
AAA,20140722,14.8,14.9,14.7,14.9,75900
AAA,20140721,15.1,15.2,14.7,14.9,225000
AAA,20140718,15.2,15.2,14.8,15.1,293500
AAA,20140717,15.1,15.1,14.9,15.1,266800
AAA,20140716,15.3,15.6,15.1,15.1,359110
AAA,20140715,15.2,15.3,15.0,15.2,251800
AAA,20140714,14.9,15.1,14.7,15.1,119600
AAA,20140711,15.2,15.2,14.7,14.9,393800
AAA,20140710,15.7,15.7,14.6,15.2,487100
AAA,20140709,15.4,15.7,15.2,15.6,273100
AAA,20140708,14.7,15.4,14.6,15.2,555900
AAA,20140707,14.8,15.0,14.7,14.8,374200
AAA,20140704,14.9,14.9,14.6,14.8,326100
AAA,20140703,14.7,14.9,14.5,14.8,818100
AAA,20140702,13.9,14.4,13.8,14.4,432200
AAA,20140701,13.9,14.1,13.7,13.9,249300
AAA,20140630,13.8,14.0,13.7,13.9,101900
AAA,20140627,13.9,13.9,13.8,13.9,149200
AAA,20140626,14.0,14.0,13.9,14.0,179900
AAA,20140625,13.7,13.9,13.7,13.9,182200
AAA,20140624,13.6,13.7,13.5,13.7,137500
AAA,20140623,13.7,13.7,13.5,13.5,173300
AAA,20140620,13.8,13.8,13.5,13.6,57500
AAA,20140619,13.9,13.9,13.4,13.7,191600
AAA,20140618,14.0,14.0,13.7,13.8,384716
AAA,20140617,13.5,13.7,13.5,13.5,244300
AAA,20140616,13.6,13.6,13.4,13.5,161100
AAA,20140613,13.6,13.6,13.4,13.6,185000
AAA,20140612,13.6,13.8,13.6,13.5,206100
AAA,20140611,13.5,13.7,13.4,13.7,327100
AAA,20140610,13.4,13.7,13.3,13.5,330800
AAA,20140609,13.3,13.5,13.1,13.4,120900
AAA,20140606,13.1,13.4,13.1,13.4,102000
AAA,20140605,13.0,13.1,12.9,13.2,81316
AAA,20140604,13.2,13.2,12.8,13.0,207700
AAA,20140603,13.1,13.3,13.0,13.2,169600
AAA,20140602,13.4,13.5,13.1,13.1,384300
AAA,20140530,13.7,13.9,13.5,13.5,315300
AAA,20140529,13.8,14.1,13.5,13.8,457500
AAA,20140528,13.6,14.2,13.5,14.1,775400
AAA,20140527,13.0,13.4,12.9,13.3,466900
AAA,20140526,12.9,13.1,12.8,13.0,197510
AAA,20140523,13.0,13.1,12.9,13.0,153000
AAA,20140522,13.6,13.7,13.0,13.0,639200
AAA,20140521,12.8,13.5,12.8,13.5,541300
AAA,20140520,12.1,13.1,12.0,13.1,391035
AAA,20140519,12.2,12.4,12.0,12.2,207400
AAA,20140516,11.9,12.2,11.5,12.2,306500
AAA,20140515,12.0,12.2,11.3,11.8,366700
AAA,20140514,11.8,12.1,11.5,12.1,267300
AAA,20140513,11.2,11.6,11.2,11.4,458700
AAA,20140512,11.8,12.5,11.1,11.3,511700
AAA,20140509,11.8,12.3,10.9,12.2,358100
AAA,20140508,13.1,13.1,11.8,11.8,811500
AAA,20140507,13.3,13.4,13.2,13.1,95600
AAA,20140506,13.1,13.3,12.7,13.3,433600
AAA,20140505,14.2,14.2,13.4,13.3,322400
AAA,20140429,14.0,14.2,13.9,14.3,108700
AAA,20140428,14.4,14.4,14.1,14.1,74300
AAA,20140425,14.1,14.2,14.0,14.2,174700
AAA,20140424,14.1,14.3,14.1,14.1,100700
AAA,20140423,14.7,14.7,14.2,14.2,102800
AAA,20140422,14.1,14.6,13.8,14.6,379500
AAA,20140421,14.6,14.8,14.2,14.2,250000
AAA,20140418,15.7,15.7,14.8,14.9,465700
AAA,20140417,15.2,15.6,15.1,15.7,204500
AAA,20140416,15.6,15.7,14.8,15.1,379100
AAA,20140415,16.5,16.5,15.7,15.7,490800
AAA,20140414,16.7,16.7,16.3,16.5,485200
AAA,20140411,17.1,17.1,16.6,16.7,383100
AAA,20140410,16.8,17.5,16.8,17.0,201100
AAA,20140408,16.7,17.6,16.7,17.5,490200
AAA,20140407,16.9,17.0,16.6,16.7,156300
AAA,20140404,16.9,17.0,16.4,16.6,494300
AAA,20140403,16.7,16.9,16.7,16.9,255400
AAA,20140402,16.9,17.0,16.3,16.7,390600
AAA,20140401,17.3,17.3,16.6,16.9,459700
AAA,20140331,17.7,17.7,17.1,17.3,256500
AAA,20140328,17.3,17.5,17.0,17.0,269600
AAA,20140327,17.2,17.3,16.7,17.1,465200
AAA,20140326,18.1,18.2,16.8,17.2,1104400
AAA,20140325,18.7,18.7,18.0,18.1,547000
AAA,20140324,18.3,19.1,18.3,18.7,881200
AAA,20140321,18.2,18.4,18.1,18.3,791000
AAA,20140320,18.2,18.6,18.1,18.2,361300
AAA,20140319,18.2,18.3,18.1,18.2,596200
AAA,20140318,18.3,18.5,18.1,18.2,674000
AAA,20140317,18.1,18.4,18.0,18.2,641211
AAA,20140314,18.6,18.7,17.9,18.1,1441600
AAA,20140313,19.0,19.0,18.5,18.6,460900
AAA,20140312,18.7,19.1,18.3,18.9,713300
AAA,20140311,17.9,19.3,17.9,18.7,1430000
AAA,20140310,17.8,17.8,17.6,17.8,411100
AAA,20140307,18.0,18.1,17.6,17.7,541800
AAA,20140306,16.6,18.1,16.6,17.7,1500400
AAA,20140305,16.5,16.7,16.4,16.5,299000
AAA,20140304,16.0,16.9,15.3,16.3,480300
AAA,20140303,16.8,16.8,16.0,16.0,605100
AAA,20140228,16.9,17.1,16.6,16.8,606900
AAA,20140227,17.3,17.5,16.8,16.8,638400
AAA,20140226,17.4,17.4,16.8,17.2,529800
AAA,20140225,17.4,17.5,17.2,17.4,650200
AAA,20140224,17.4,17.7,17.2,17.4,461500
AAA,20140221,16.5,17.6,16.0,17.3,1322500
AAA,20140220,17.8,17.8,16.2,16.5,1065800
AAA,20140219,17.6,18.3,17.6,17.9,991316
AAA,20140218,17.7,18.0,17.4,17.6,548100
AAA,20140217,17.0,17.9,16.6,17.6,1481360
AAA,20140214,16.9,17.1,16.7,17.0,562600
AAA,20140213,17.4,17.4,16.9,17.0,679200
AAA,20140212,16.7,17.2,16.7,17.3,377000
AAA,20140211,18.0,18.0,16.8,16.7,551700
AAA,20140210,16.6,17.6,16.5,17.6,858000
AAA,20140207,17.0,17.0,16.6,16.7,524900
AAA,20140206,16.9,17.0,16.5,17.0,217350
AAA,20140127,16.7,16.9,16.4,16.9,432100
AAA,20140124,17.0,17.0,16.5,16.7,299100
AAA,20140123,16.3,17.3,16.3,16.9,359300
AAA,20140122,16.5,17.1,16.0,16.4,749400
AAA,20140121,14.7,16.1,14.7,16.1,757900
AAA,20140120,14.9,15.7,14.6,14.6,527700
AAA,20140117,15.3,15.3,15.0,15.0,772200
AAA,20140116,15.1,15.5,14.9,15.2,562600
AAA,20140115,14.2,15.3,14.2,15.1,981800
AAA,20140114,13.5,14.3,13.5,14.1,1233900
AAA,20140113,13.5,13.7,13.4,13.5,475000
AAA,20140110,13.7,13.7,13.5,13.5,426300
AAA,20140109,13.1,13.8,13.1,13.7,753400
AAA,20140108,13.2,13.3,13.1,13.2,267000
AAA,20140107,13.4,13.4,13.1,13.3,292040
AAA,20140106,12.8,13.1,12.8,13.1,242510
AAA,20140103,12.7,12.8,12.7,12.7,78500
AAA,20140102,12.9,12.9,12.8,12.8,126000
AAA,20131231,12.6,12.9,12.6,12.9,241600
AAA,20131230,12.9,12.9,12.5,12.5,301601
AAA,20131227,12.9,13.0,12.9,12.9,118207
AAA,20131226,13.1,13.1,12.9,12.9,240900
AAA,20131225,13.3,13.3,13.1,13.2,172200
AAA,20131224,13.3,13.3,13.1,13.2,183800
AAA,20131223,13.1,13.2,13.1,13.2,220246
AAA,20131220,13.3,13.3,13.2,13.1,194203
AAA,20131219,12.9,13.4,12.9,13.3,485604
AAA,20131218,13.1,13.1,12.9,13.0,181100
AAA,20131217,12.8,12.9,12.8,13.0,279500
AAA,20131216,12.7,12.9,12.7,12.7,142200
AAA,20131213,12.6,12.7,12.5,12.7,104900
AAA,20131212,12.2,12.6,12.2,12.6,427300
AAA,20131211,12.9,12.9,12.5,12.5,337000
AAA,20131210,13.0,13.0,12.9,12.9,321700
AAA,20131209,13.2,13.3,13.0,13.0,718316
AAA,20131206,13.1,13.4,13.0,13.2,268310
AAA,20131205,13.3,13.3,13.0,13.1,400600
AAA,20131204,12.7,13.2,12.7,13.2,865110
AAA,20131203,12.3,12.9,12.3,12.7,968300
AAA,20131202,12.3,12.4,12.2,12.3,218500
AAA,20131129,12.4,12.4,12.3,12.3,299100
AAA,20131128,12.3,12.4,12.2,12.4,152400
AAA,20131127,12.3,12.5,12.3,12.3,402600
AAA,20131126,12.2,12.4,12.2,12.3,354400
AAA,20131125,12.5,12.6,12.4,12.3,462000
AAA,20131122,12.3,12.6,12.2,12.5,404360
AAA,20131121,11.2,13.0,11.2,12.4,1040220
AAA,20131120,12.3,12.4,12.2,12.4,461520
AAA,20131119,11.9,12.3,11.9,12.3,1056640
AAA,20131118,11.7,12.1,11.7,11.9,938900
AAA,20131115,11.5,11.6,11.5,11.6,211500
AAA,20131114,11.7,11.7,11.5,11.5,286300
AAA,20131113,11.5,11.8,11.5,11.6,293700
AAA,20131112,12.0,12.0,11.6,11.7,363700
AAA,20131111,11.7,12.0,11.7,11.9,531000
AAA,20131108,11.8,11.8,11.6,11.6,197600
AAA,20131107,11.6,11.9,11.6,11.7,636100
AAA,20131106,11.5,11.6,11.4,11.6,323600
AAA,20131105,11.6,11.7,11.4,11.5,455400
AAA,20131104,11.2,11.6,11.2,11.6,282000
AAA,20131101,11.4,11.5,11.3,11.3,291100
AAA,20131031,11.4,11.5,11.3,11.4,201600
AAA,20131030,11.5,11.6,11.4,11.4,246000
AAA,20131029,11.2,11.5,11.2,11.5,341600
AAA,20131028,11.7,11.9,11.3,11.3,726600
AAA,20131025,12.0,12.0,11.7,11.8,361300
AAA,20131024,12.0,13.2,11.6,12.0,664600
AAA,20131023,11.8,12.1,11.8,12.0,762000
AAA,20131022,11.8,11.9,11.6,11.7,728500
AAA,20131021,12.1,12.3,11.9,11.9,710200
AAA,20131018,11.7,12.1,11.6,12.0,966800
AAA,20131017,11.4,11.8,11.4,11.7,976300
AAA,20131016,11.3,11.8,11.3,11.4,427500
AAA,20131015,11.1,11.5,11.1,11.4,470500
AAA,20131014,11.3,11.3,11.1,11.1,393500
AAA,20131011,11.5,11.6,11.3,11.4,399100
AAA,20131010,11.0,11.8,11.0,11.4,1514300
AAA,20131009,11.1,11.2,11.0,11.1,717600
AAA,20131008,11.2,11.3,11.0,11.1,621000
AAA,20131007,10.7,11.4,10.7,11.3,918800
AAA,20131004,10.6,10.7,10.6,10.7,407900
AAA,20131003,10.6,10.7,10.5,10.7,918800
AAA,20131002,10.3,10.7,10.3,10.6,1044300
AAA,20131001,9.9,10.4,9.9,10.3,1124400
AAA,20130930,9.9,9.9,9.9,9.9,239200
AAA,20130927,9.9,10.0,9.9,9.8,396700
AAA,20130926,9.8,10.1,9.7,10.0,695200
AAA,20130925,9.5,9.9,9.5,9.8,428700
AAA,20130924,9.5,9.6,9.4,9.6,200200
AAA,20130923,9.5,9.6,9.4,9.5,222800
AAA,20130920,9.5,9.5,9.4,9.5,89900
AAA,20130919,9.5,9.5,9.4,9.5,120100
AAA,20130918,9.5,9.5,9.4,9.4,270200
AAA,20130917,9.5,9.5,9.4,9.4,129100
AAA,20130916,9.5,9.5,9.4,9.5,64300
AAA,20130913,9.6,9.7,9.5,9.5,154800
AAA,20130912,9.5,9.6,9.5,9.6,87500
AAA,20130911,9.6,9.6,9.4,9.5,85000
AAA,20130910,9.5,9.5,9.4,9.5,145400
AAA,20130909,9.5,9.5,9.4,9.4,105400
AAA,20130906,9.5,9.6,8.8,9.6,56200
AAA,20130905,9.7,9.7,9.5,9.6,41300
AAA,20130904,8.8,9.7,8.8,9.6,49500
AAA,20130903,9.7,9.7,9.7,9.7,19700
AAA,20130830,9.7,9.7,9.6,9.8,90000
AAA,20130829,9.7,9.8,9.6,9.6,57000
AAA,20130828,9.7,9.7,9.5,9.7,195700
AAA,20130827,9.8,9.8,9.8,9.8,85700
AAA,20130826,9.8,9.9,9.7,9.9,130300
AAA,20130823,9.9,9.9,9.7,9.8,173600
AAA,20130822,9.9,10.0,9.8,9.8,169100
AAA,20130821,9.8,10.0,9.8,10.0,272700
AAA,20130820,10.1,10.1,9.9,9.9,159800
AAA,20130819,9.8,10.1,9.8,10.0,314300
AAA,20130816,9.9,9.9,9.7,9.8,113900
AAA,20130815,9.7,9.8,9.6,9.8,162000
AAA,20130814,9.7,9.7,9.6,9.7,216100
AAA,20130813,9.7,9.8,9.7,9.7,193900
AAA,20130812,9.8,9.9,9.7,9.8,104300
AAA,20130809,9.8,9.9,9.8,9.8,211600
AAA,20130808,9.8,9.8,9.7,9.7,264100
AAA,20130807,9.8,9.8,9.7,9.7,130200
AAA,20130806,9.6,9.8,9.6,9.7,176600
AAA,20130805,9.8,9.8,9.7,9.7,94400
AAA,20130802,9.7,9.8,9.7,9.8,22100
AAA,20130801,9.6,9.8,9.6,9.8,44100
AAA,20130731,9.6,9.7,9.5,9.7,28800
AAA,20130730,9.4,9.6,9.4,9.6,73000
AAA,20130729,9.0,9.8,9.0,9.5,94000
AAA,20130726,9.8,9.9,9.7,9.7,90800
AAA,20130725,9.8,9.8,9.7,9.8,137000
AAA,20130724,9.9,9.9,9.6,9.8,153200
AAA,20130723,9.9,10.0,9.9,10.0,90800
AAA,20130722,10.1,10.1,9.9,10.0,83200
AAA,20130719,9.9,10.1,9.9,10.1,240700
AAA,20130718,9.8,10.0,9.8,9.9,218000
AAA,20130717,9.7,9.9,9.7,9.9,27400
AAA,20130716,10.0,10.0,9.8,9.8,84700
AAA,20130715,9.8,9.9,9.7,9.9,183600
AAA,20130712,9.7,9.8,9.6,9.8,128200
AAA,20130711,9.7,9.7,9.6,9.6,88300
AAA,20130710,9.7,9.7,9.6,9.7,60500
AAA,20130709,9.5,9.7,9.5,9.6,59800
AAA,20130708,9.9,9.9,9.5,9.6,97700
AAA,20130705,9.8,9.8,9.5,9.5,259700
AAA,20130704,9.8,9.8,9.7,9.7,79800
AAA,20130703,9.7,9.8,9.7,9.8,57200
AAA,20130702,8.8,9.9,8.8,9.8,86000
AAA,20130701,9.6,9.7,9.6,9.7,31600
AAA,20130628,8.8,9.9,8.8,9.7,154100
AAA,20130627,9.6,9.8,9.6,9.8,126500
AAA,20130626,9.6,9.6,9.4,9.6,91500
AAA,20130625,9.8,9.8,9.4,9.5,396000
AAA,20130624,10.0,10.0,9.9,9.9,121600
AAA,20130621,9.9,10.1,9.9,10.0,186500
AAA,20130620,10.0,10.0,9.9,10.0,107800
AAA,20130619,10.2,10.2,10.0,10.0,175800
AAA,20130618,10.1,10.1,10.0,10.1,169700
AAA,20130617,10.4,10.4,10.1,10.1,420700
AAA,20130614,10.7,10.7,10.5,10.5,312300
AAA,20130613,10.8,10.8,10.4,10.6,413100
AAA,20130612,10.4,10.6,10.4,10.5,410200
AAA,20130611,10.4,10.6,10.3,10.5,216600
AAA,20130610,10.5,10.6,10.4,10.5,473000
AAA,20130607,10.4,10.5,10.3,10.4,543700
AAA,20130606,10.1,10.6,10.1,10.4,345100
AAA,20130605,10.3,10.5,10.2,10.5,381500
AAA,20130604,10.9,10.9,10.2,10.2,552500
AAA,20130603,10.6,10.7,10.4,10.6,517500
AAA,20130531,10.8,10.9,10.6,10.6,667000
AAA,20130530,10.1,10.6,10.1,10.6,901200
AAA,20130529,10.1,10.5,10.0,10.2,1812900
AAA,20130528,9.0,10.1,9.0,10.0,399200
AAA,20130527,9.8,10.1,9.8,9.9,708000
AAA,20130524,9.7,9.8,9.6,9.7,294400
AAA,20130523,9.9,10.0,9.6,9.7,349300
AAA,20130522,9.8,10.0,9.8,9.9,639300
AAA,20130521,9.7,9.8,9.6,9.7,433000
AAA,20130520,9.6,9.6,9.5,9.6,154700
AAA,20130517,9.5,9.8,9.5,9.5,325900
AAA,20130516,9.4,9.5,9.4,9.5,179100
AAA,20130515,9.3,9.4,9.2,9.3,171300
AAA,20130514,9.5,9.5,9.3,9.3,131300
AAA,20130513,9.5,9.5,9.4,9.5,146900
AAA,20130510,9.5,9.5,9.3,9.4,204800
AAA,20130509,9.5,9.5,9.4,9.5,213900
AAA,20130508,9.4,9.5,9.3,9.4,112800
AAA,20130507,9.6,9.6,9.3,9.4,323300
AAA,20130506,9.6,9.7,9.4,9.6,204200
AAA,20130503,9.2,9.5,9.1,9.5,218100
AAA,20130502,9.2,9.3,9.1,9.2,102100
AAA,20130426,9.3,9.3,9.2,9.2,96500
AAA,20130425,9.3,9.3,9.2,9.3,112900
AAA,20130424,9.2,9.3,9.1,9.2,104400
AAA,20130423,9.1,9.2,9.1,9.2,158900
AAA,20130422,9.4,9.4,9.1,9.1,182400
AAA,20130418,9.5,9.5,9.2,9.3,130500
AAA,20130417,9.4,9.4,9.3,9.5,106400
AAA,20130416,9.2,9.4,9.2,9.3,312700
AAA,20130415,9.5,9.5,9.2,9.3,326800
AAA,20130412,9.7,9.8,9.5,9.5,357000
AAA,20130411,9.7,9.8,9.6,9.8,272200
AAA,20130410,10.1,10.1,9.7,9.7,508200
AAA,20130409,10.0,10.2,9.9,10.1,840700
AAA,20130408,9.6,9.8,9.6,9.8,565900
AAA,20130405,9.3,9.7,9.3,9.5,480900
AAA,20130404,9.3,9.3,9.2,9.3,90200
AAA,20130403,9.3,9.4,9.2,9.3,258900
AAA,20130402,9.5,9.6,9.4,9.3,172500
AAA,20130401,9.0,9.4,9.0,9.5,136800
AAA,20130329,9.1,9.1,8.9,9.1,183400
AAA,20130328,9.3,9.4,9.2,9.2,206800
AAA,20130327,9.3,9.3,9.2,9.3,92100
AAA,20130326,9.4,9.4,9.2,9.3,178000
AAA,20130325,9.2,9.4,9.2,9.3,192800
AAA,20130322,9.4,9.6,9.2,9.3,244100
AAA,20130321,9.4,9.5,9.3,9.5,218800
AAA,20130320,9.4,9.4,9.3,9.4,117800
AAA,20130319,9.3,9.4,9.3,9.3,55900
AAA,20130318,9.6,9.6,9.4,9.4,133300
AAA,20130315,9.5,9.5,9.3,9.5,194100
AAA,20130314,9.4,9.5,9.3,9.4,59200
AAA,20130313,9.5,9.5,9.2,9.4,185100
AAA,20130312,9.8,9.8,9.4,9.5,245800
AAA,20130311,9.6,9.8,9.4,9.7,299700
AAA,20130308,9.4,9.5,9.4,9.5,100900
AAA,20130307,9.5,9.5,9.2,9.3,205700
AAA,20130306,9.4,9.5,9.3,9.5,219400
AAA,20130305,9.4,9.6,9.2,9.3,278800
AAA,20130304,9.8,9.8,9.4,9.4,694700
AAA,20130301,9.9,10.0,9.7,9.8,310600
AAA,20130228,9.8,10.0,9.8,9.9,447400
AAA,20130227,9.6,9.8,9.5,9.7,317600
AAA,20130226,10.1,10.1,9.5,9.7,686200
AAA,20130225,10.1,10.2,9.9,10.1,490300
AAA,20130222,9.9,10.3,9.5,9.9,895500
AAA,20130221,10.9,10.9,9.8,9.8,1234700
AAA,20130220,10.7,10.8,10.7,10.8,1150300
AAA,20130219,10.3,11.1,10.1,10.7,2064700
AAA,20130218,10.1,10.4,10.0,10.2,795500
AAA,20130208,10.0,10.0,9.8,9.9,817100
AAA,20130207,9.9,10.0,9.8,9.9,396000
AAA,20130206,9.7,9.9,9.7,9.9,218800
AAA,20130205,9.8,9.8,9.6,9.7,164500
AAA,20130204,9.9,9.9,9.7,9.7,349400
AAA,20130201,9.7,10.0,9.7,9.9,230600
AAA,20130131,10.0,10.0,9.7,9.7,249100
AAA,20130130,10.1,10.1,10.0,10.0,351700
AAA,20130129,9.8,10.1,9.7,10.0,648400
AAA,20130128,9.8,9.9,9.6,9.7,676000
AAA,20130125,9.6,9.6,9.5,9.6,303800
AAA,20130124,9.4,9.6,9.3,9.5,162300
AAA,20130123,9.4,9.5,9.2,9.3,219500
AAA,20130122,9.7,9.7,9.4,9.4,378400
AAA,20130121,9.9,9.9,9.6,9.7,300500
AAA,20130118,9.9,9.9,9.6,9.7,577200
AAA,20130117,10.0,10.2,10.0,9.9,477900
AAA,20130116,10.3,10.4,10.0,10.1,884200
AAA,20130115,9.9,10.2,9.9,10.1,486900
AAA,20130114,10.0,10.0,9.7,9.9,330500
AAA,20130111,10.2,10.4,10.0,10.0,451600
AAA,20130110,9.7,10.2,9.7,10.1,472700
AAA,20130109,9.7,10.3,9.6,9.8,1361600
AAA,20130108,9.6,9.8,9.6,9.7,468900
AAA,20130107,9.8,9.9,9.6,9.7,748000
AAA,20130104,9.5,9.9,9.5,9.8,478300
AAA,20130103,10.0,10.0,9.5,9.6,766100
AAA,20130102,9.5,10.0,9.5,9.9,774100
AAA,20121228,9.2,9.5,9.1,9.4,387700
AAA,20121227,9.3,9.5,9.2,9.2,744100
AAA,20121226,9.1,9.3,9.0,9.3,364800
AAA,20121225,9.3,9.3,9.1,9.1,273800
AAA,20121224,8.9,9.5,8.9,9.3,461900
AAA,20121221,8.8,9.0,8.8,8.9,106900
AAA,20121220,9.2,9.2,8.9,8.9,272300
AAA,20121219,9.0,9.2,8.8,9.1,347800
AAA,20121218,9.0,9.0,8.8,8.9,403100
AAA,20121217,8.9,9.3,8.6,9.1,246800
AAA,20121214,9.4,9.4,9.1,9.2,312900
AAA,20121213,9.2,9.5,9.1,9.3,455900
AAA,20121212,9.0,9.4,9.0,9.2,238700
AAA,20121211,9.1,9.3,9.0,9.1,223700
AAA,20121210,8.9,9.4,8.9,9.2,367200
AAA,20121207,8.9,9.1,8.9,8.9,158300
AAA,20121206,9.0,9.1,9.0,9.0,149900
AAA,20121205,9.2,9.3,9.0,9.1,380100
AAA,20121204,8.9,9.2,8.8,9.1,414500
AAA,20121203,8.8,8.9,8.7,8.8,113000
AAA,20121130,9.0,9.0,8.7,8.8,153800
AAA,20121129,8.6,9.0,8.6,8.9,1018300
AAA,20121128,8.5,8.6,8.5,8.5,316700
AAA,20121127,8.3,8.7,8.3,8.5,207600
AAA,20121126,8.4,8.4,8.3,8.4,191800
AAA,20121123,8.5,8.5,8.4,8.4,81400
AAA,20121122,8.4,8.5,8.4,8.5,60800
AAA,20121121,8.5,8.5,8.4,8.4,130000
AAA,20121120,8.5,8.6,8.4,8.5,311700
AAA,20121119,8.6,8.7,8.5,8.5,69300
AAA,20121116,8.6,8.6,8.4,8.6,81800
AAA,20121115,8.7,8.8,8.5,8.5,241000
AAA,20121114,8.6,8.7,8.5,8.6,238800
AAA,20121113,8.9,8.9,8.7,8.6,93800
AAA,20121112,8.6,8.9,8.6,8.9,541000
AAA,20121109,8.5,8.6,8.4,8.5,412300
AAA,20121108,8.5,8.6,8.3,8.5,189500
AAA,20121107,8.5,8.7,8.5,8.6,79900
AAA,20121106,8.4,8.5,8.3,8.4,270000
AAA,20121105,8.3,8.5,8.3,8.4,66500
AAA,20121102,8.5,8.6,8.2,8.4,522100
AAA,20121101,8.6,8.8,8.6,8.7,138500
AAA,20121031,8.5,8.6,8.4,8.6,223700
AAA,20121030,8.8,8.9,8.6,8.6,250100
AAA,20121029,8.8,8.9,8.8,8.8,86500
AAA,20121026,8.9,8.9,8.8,8.8,279200
AAA,20121025,8.8,8.9,8.7,8.9,272500
AAA,20121024,9.2,9.2,8.9,8.9,137600
AAA,20121023,8.8,9.1,8.7,9.1,332300
AAA,20121022,9.0,9.1,8.7,8.6,538600
AAA,20121019,9.2,9.2,8.8,9.0,550000
AAA,20121018,9.5,9.6,9.3,9.3,476900
AAA,20121017,9.9,9.9,9.4,9.5,384400
AAA,20121016,9.5,9.9,9.5,9.9,523100
AAA,20121015,9.8,10.0,9.5,9.6,746400
AAA,20121012,9.2,10.0,9.2,9.9,698500
AAA,20121011,9.2,9.7,9.2,9.6,631000
AAA,20121010,8.8,9.2,8.8,9.1,165800
AAA,20121009,8.9,9.1,8.8,8.9,106600
AAA,20121008,8.7,9.1,8.7,9.0,206900
AAA,20121005,8.7,8.7,8.5,8.8,81100
AAA,20121004,8.7,8.7,8.6,8.6,21200
AAA,20121003,8.7,8.9,8.5,8.8,65600
AAA,20121002,8.3,8.6,8.3,8.6,86700
AAA,20121001,8.7,8.8,8.5,8.6,145600
AAA,20120928,8.7,8.8,8.7,8.8,26700
AAA,20120927,8.3,8.9,8.3,8.8,86700
AAA,20120926,8.9,9.0,8.9,8.9,97000
AAA,20120925,8.8,8.9,8.7,8.8,69400
AAA,20120924,9.1,9.1,8.7,8.7,78700
AAA,20120921,8.9,9.0,8.8,9.0,85600
AAA,20120920,9.0,9.1,8.7,8.9,119900
AAA,20120919,8.6,9.1,8.4,9.0,154000
AAA,20120918,9.0,9.3,8.7,8.7,154400
AAA,20120917,9.3,9.6,9.2,9.2,180000
AAA,20120914,9.3,9.6,9.3,9.5,308600
AAA,20120913,8.9,9.1,8.7,9.1,101800
AAA,20120912,9.0,9.1,8.7,8.8,92900
AAA,20120911,8.3,8.9,8.3,8.7,86500
AAA,20120910,9.2,9.2,8.6,8.6,361600
AAA,20120907,9.4,9.5,9.0,9.2,176000
AAA,20120906,9.5,9.5,9.2,9.3,174200
AAA,20120905,9.9,9.9,9.5,9.5,150700
AAA,20120904,9.6,9.9,9.5,9.9,184700
AAA,20120831,9.8,9.8,9.2,9.5,155200
AAA,20120830,9.6,9.6,9.3,9.3,241500
AAA,20120829,9.2,9.4,8.9,9.4,230600
AAA,20120828,8.7,9.3,8.7,8.8,184900
AAA,20120827,9.9,9.9,9.2,9.3,199600
AAA,20120824,9.3,10.3,9.1,9.9,449700
AAA,20120823,10.5,10.5,9.8,9.8,95600
AAA,20120822,10.2,10.9,10.2,10.5,491600
AAA,20120821,11.7,11.7,10.3,10.2,331500
AAA,20120820,10.4,11.0,10.3,11.0,819200
AAA,20120817,10.3,10.4,10.2,10.3,80600
AAA,20120816,10.3,10.4,10.2,10.3,54400
AAA,20120815,10.4,10.4,10.2,10.3,70600
AAA,20120814,10.4,10.4,10.2,10.3,66000
AAA,20120813,10.8,10.8,10.1,10.3,27900
AAA,20120810,10.2,10.4,10.2,10.3,49900
AAA,20120809,10.4,10.5,10.4,10.4,95300
AAA,20120808,10.2,10.3,10.2,10.3,47500
AAA,20120807,10.5,10.5,10.1,10.1,82000
AAA,20120806,10.2,10.5,10.2,10.5,89200
AAA,20120803,10.1,10.2,10.0,10.1,22500
AAA,20120802,10.2,10.2,10.1,10.1,32600
AAA,20120801,10.2,10.2,10.0,10.1,59100
AAA,20120731,10.2,10.3,10.1,10.2,87000
AAA,20120730,10.0,10.3,10.0,10.0,48700
AAA,20120727,10.3,10.3,10.0,10.1,79400
AAA,20120726,10.1,10.2,9.9,10.1,138400
AAA,20120725,10.1,10.1,9.9,10.0,106700
AAA,20120724,10.3,10.3,9.9,10.0,270200
AAA,20120723,10.6,10.7,10.3,10.3,90300
AAA,20120720,10.9,11.4,10.6,10.6,285300
AAA,20120719,10.3,10.8,10.2,10.8,170400
AAA,20120718,10.3,10.4,10.0,10.3,154900
AAA,20120717,10.2,10.4,10.1,10.3,67400
AAA,20120716,10.3,10.5,10.0,10.0,132800
AAA,20120713,9.8,10.3,9.8,10.2,194400
AAA,20120712,9.8,9.9,9.6,9.8,149800
AAA,20120711,9.4,9.7,9.3,9.7,244500
AAA,20120710,9.2,9.5,9.2,9.4,104500
AAA,20120709,9.7,9.7,9.4,9.3,161900
AAA,20120706,9.2,9.6,9.1,9.7,432200
AAA,20120705,8.7,9.1,8.4,9.0,196300
AAA,20120704,9.0,9.1,8.4,8.5,184200
AAA,20120703,9.3,9.3,8.8,8.9,196900
AAA,20120702,9.8,9.8,9.4,9.4,80400
AAA,20120629,9.9,9.9,9.6,9.7,60600
AAA,20120628,9.6,9.9,9.1,9.7,133700
AAA,20120627,9.9,9.9,9.6,9.6,129800
AAA,20120626,10.1,10.1,9.5,9.7,204400
AAA,20120625,10.8,10.8,10.2,10.2,184600
AAA,20120622,10.8,10.9,10.6,10.7,137300
AAA,20120621,10.9,11.1,10.9,10.9,89500
AAA,20120620,11.1,11.1,10.9,11.0,38500
AAA,20120619,11.4,11.4,11.0,11.0,84100
AAA,20120618,11.3,11.5,11.1,11.2,98300
AAA,20120615,10.9,11.2,10.9,11.1,121500
AAA,20120614,11.2,11.3,10.8,11.0,126300
AAA,20120613,11.4,11.5,11.0,11.3,179400
AAA,20120612,11.2,12.2,11.2,11.4,282000
AAA,20120611,11.9,12.1,11.6,12.0,154300
AAA,20120608,12.0,12.3,11.6,11.7,270100
AAA,20120607,11.1,11.6,11.1,11.7,282100
AAA,20120606,10.9,11.1,10.8,10.9,121100
AAA,20120605,10.5,11.0,10.4,10.9,116700
AAA,20120604,11.0,11.0,10.4,10.6,212200
AAA,20120601,11.2,11.3,10.8,11.1,58000
AAA,20120531,11.3,11.4,11.0,11.0,199700
AAA,20120530,11.4,11.8,11.4,11.6,79200
AAA,20120529,11.4,12.1,11.1,11.6,204100
AAA,20120528,12.2,12.2,11.2,11.4,133400
AAA,20120525,10.8,11.4,10.8,11.4,130200
AAA,20120524,11.2,11.2,10.3,10.7,247400
AAA,20120523,11.6,11.7,11.0,11.0,298400
AAA,20120522,12.1,12.3,11.8,11.8,189500
AAA,20120521,11.4,11.9,11.4,12.0,168600
AAA,20120518,11.9,11.9,11.1,11.2,273000
AAA,20120517,12.5,12.5,11.7,11.7,195000
AAA,20120516,12.2,12.3,11.6,12.2,251500
AAA,20120515,12.2,12.4,11.6,11.9,278400
AAA,20120514,13.0,13.2,12.2,12.2,462400
AAA,20120511,14.1,14.1,13.1,13.1,454900
AAA,20120510,14.4,14.4,13.8,13.9,487900
AAA,20120509,14.2,14.4,14.0,14.2,431800
AAA,20120508,14.3,14.7,13.9,14.2,552900
AAA,20120507,13.8,14.4,13.7,14.3,369000
AAA,20120504,13.6,14.0,13.3,13.7,278200
AAA,20120503,14.2,14.4,13.1,13.5,375300
AAA,20120502,13.6,13.6,13.3,13.6,1444400
AAA,20120427,12.3,12.8,12.3,12.7,227500
AAA,20120426,12.3,12.3,11.9,12.0,138600
AAA,20120425,12.2,12.5,12.1,12.3,292500
AAA,20120424,11.9,11.9,11.5,11.9,144500
AAA,20120423,11.9,12.0,11.6,11.7,56700
AAA,20120420,11.8,12.0,11.5,11.7,118300
AAA,20120419,12.1,12.1,11.5,11.7,310900
AAA,20120418,12.4,12.6,12.1,12.2,325700
AAA,20120417,12.6,12.7,12.2,12.4,425600
AAA,20120416,12.1,12.7,11.9,12.4,293100
AAA,20120413,12.1,12.2,11.8,12.0,356200
AAA,20120412,12.1,12.7,12.1,12.2,272600
AAA,20120411,12.4,12.5,12.0,12.3,312900
AAA,20120410,12.1,12.2,11.6,11.8,333500
AAA,20120409,11.8,12.4,11.4,12.2,309100
AAA,20120406,11.8,12.1,11.7,11.7,221600
AAA,20120405,11.4,12.0,11.1,11.9,199800
AAA,20120404,11.9,12.0,11.1,11.4,197600
AAA,20120403,11.0,11.7,11.0,11.7,134000
AAA,20120330,11.1,11.4,10.6,11.0,234900
AAA,20120329,12.3,12.3,11.2,11.2,556300
AAA,20120328,11.6,12.3,11.3,12.0,551900
AAA,20120327,12.9,12.9,12.0,12.1,551000
AAA,20120326,12.9,13.0,12.5,12.9,394300
AAA,20120323,11.9,12.4,11.9,12.2,473300
AAA,20120322,10.8,11.5,10.8,11.6,672400
AAA,20120321,10.4,11.0,10.4,10.8,826800
AAA,20120320,10.5,10.5,10.2,10.3,302500
AAA,20120319,10.0,10.3,9.9,10.3,125100
AAA,20120316,10.3,10.6,10.1,10.2,523900
AAA,20120315,9.8,10.3,9.5,10.0,364600
AAA,20120314,9.9,10.3,9.8,9.8,103200
AAA,20120313,10.3,10.8,9.7,10.0,71200
AAA,20120312,10.1,10.4,9.9,10.2,774700
AAA,20120309,9.4,9.6,9.0,9.8,256500
AAA,20120308,10.1,10.3,9.5,9.4,478500
AAA,20120307,10.1,10.3,9.8,10.2,222900
AAA,20120306,11.1,11.2,10.2,10.4,546500
AAA,20120305,10.6,10.7,10.6,10.5,257900
AAA,20120302,9.5,10.0,9.4,10.0,462600
AAA,20120301,9.4,9.5,9.2,9.4,243200
AAA,20120229,9.2,9.4,9.0,9.4,189200
AAA,20120228,10.2,10.2,9.4,9.3,302900
AAA,20120227,9.7,9.8,9.3,9.9,436000
AAA,20120224,9.5,10.0,9.5,9.5,346300
AAA,20120223,9.4,9.5,9.0,9.4,323600
AAA,20120222,8.4,9.0,8.4,9.0,262900
AAA,20120221,9.0,9.1,8.6,8.7,592800
AAA,20120220,8.2,8.5,8.2,8.5,293500
AAA,20120217,8.0,8.1,7.9,8.0,125200
AAA,20120216,7.8,8.0,7.7,7.8,81600
AAA,20120215,8.0,8.0,7.6,7.8,75800
AAA,20120214,7.6,8.0,7.6,7.9,218400
AAA,20120213,7.8,7.8,7.6,7.7,174100
AAA,20120210,8.1,8.1,7.8,7.9,324700
AAA,20120209,8.2,8.6,8.2,8.2,495000
AAA,20120208,7.8,8.2,7.8,8.1,533900
AAA,20120207,7.7,8.0,7.6,7.7,196500
AAA,20120206,7.7,7.7,7.3,7.5,243200
AAA,20120203,8.3,8.3,7.6,7.7,248600
AAA,20120202,7.8,8.2,7.8,8.1,132000
AAA,20120201,7.4,7.6,7.3,7.7,87700
AAA,20120131,7.3,7.8,7.3,7.5,314800
AAA,20120130,7.2,7.3,7.0,7.3,68200
AAA,20120120,7.5,7.5,7.1,7.2,41400
AAA,20120119,7.1,7.5,7.1,7.3,71000
AAA,20120118,7.0,7.0,7.0,7.0,45100
AAA,20120117,7.0,7.1,6.7,6.9,37400
AAA,20120116,6.9,7.1,6.9,7.0,114600
AAA,20120113,6.8,7.0,6.8,6.8,92600
AAA,20120112,6.6,6.7,6.6,6.8,55300
AAA,20120111,7.1,7.1,6.8,6.8,83900
AAA,20120110,6.6,7.1,6.6,6.9,119900
AAA,20120109,6.6,6.6,6.4,6.6,71200
AAA,20120106,6.5,6.6,6.4,6.5,42500
AAA,20120105,6.7,6.7,6.6,6.6,47900
AAA,20120104,6.6,6.7,6.5,6.7,107100
AAA,20120103,6.5,6.6,6.4,6.5,61100
AAA,20111230,6.4,6.5,6.3,6.4,57200
AAA,20111229,6.4,6.6,6.3,6.2,61300
AAA,20111228,6.0,6.4,6.0,6.4,104700
AAA,20111227,5.9,6.2,5.8,6.0,108100
AAA,20111226,6.3,6.3,6.2,6.1,57100
AAA,20111223,6.3,6.3,6.1,6.4,115000
AAA,20111222,7.0,7.0,6.5,6.5,151200
AAA,20111221,6.9,7.0,6.7,6.8,50000
AAA,20111220,6.9,6.9,6.7,6.8,151400
AAA,20111219,7.2,7.3,7.0,7.0,70900
AAA,20111216,7.0,7.2,6.9,7.1,110100
AAA,20111215,7.0,7.0,6.7,6.8,213900
AAA,20111214,7.1,7.1,6.9,7.1,193000
AAA,20111213,7.5,7.6,7.2,7.2,160100
AAA,20111212,7.7,7.8,7.5,7.5,67900
AAA,20111209,7.8,7.9,7.7,7.7,79300
AAA,20111208,7.8,8.1,7.8,7.9,65800
AAA,20111207,7.7,7.9,7.7,8.0,144200
AAA,20111206,8.2,8.3,8.0,7.9,167900
AAA,20111205,7.9,8.2,7.9,8.1,222900
AAA,20111202,7.7,7.7,7.2,7.7,153000
AAA,20111201,7.7,7.8,7.5,7.7,106100
AAA,20111130,7.7,7.8,7.5,7.6,60200
AAA,20111129,7.8,7.8,7.6,7.7,92100
AAA,20111128,7.8,8.0,7.8,7.7,125400
AAA,20111125,7.4,7.6,7.4,7.6,104500
AAA,20111124,7.7,7.7,7.4,7.5,136200
AAA,20111123,7.7,7.8,7.6,7.6,207500
AAA,20111122,7.3,7.5,7.2,7.5,146300
AAA,20111121,7.5,7.6,7.4,7.4,96000
AAA,20111118,7.5,7.5,7.3,7.5,133900
AAA,20111117,8.1,8.1,7.7,7.7,130200
AAA,20111116,7.7,8.1,7.6,8.0,129900
AAA,20111115,8.1,8.2,7.9,7.9,151400
AAA,20111114,8.1,8.1,7.8,8.0,93500
AAA,20111111,8.4,8.5,8.2,8.2,69800
AAA,20111110,8.3,8.3,8.1,8.3,132100
AAA,20111109,8.8,8.8,8.6,8.5,58800
AAA,20111108,8.6,8.8,8.5,8.8,172400
AAA,20111107,8.9,8.9,8.6,8.7,137200
AAA,20111104,8.9,9.1,8.7,8.8,104700
AAA,20111103,8.9,9.0,8.7,8.8,97200
AAA,20111102,8.9,8.9,8.5,8.8,123300
AAA,20111101,8.8,9.2,8.8,9.0,283500
AAA,20111031,9.6,10.0,9.3,9.4,234400
AAA,20111028,9.0,9.5,9.0,9.4,348000
AAA,20111027,8.9,8.9,8.8,8.9,58100
AAA,20111026,8.7,8.8,8.6,8.8,75300
AAA,20111025,8.7,8.8,8.6,8.7,116800
AAA,20111024,9.1,9.2,8.9,8.8,102600
AAA,20111021,8.5,8.8,8.4,8.9,143400
AAA,20111020,8.8,8.8,8.5,8.5,71200
AAA,20111019,8.6,8.7,8.5,8.6,109500
AAA,20111018,8.6,8.6,8.5,8.5,85600
AAA,20111017,8.9,8.9,8.6,8.7,92600
AAA,20111014,9.0,9.0,8.7,8.9,136800
AAA,20111013,8.9,9.1,8.8,8.8,101300
AAA,20111012,9.3,9.3,8.7,8.9,356500
AAA,20111011,9.4,9.5,9.2,9.3,121700
AAA,20111010,9.3,9.3,9.0,9.2,191200
AAA,20111007,9.4,9.7,9.3,9.3,163200
AAA,20111006,9.4,9.7,9.4,9.6,195500
AAA,20111005,9.5,9.6,9.3,9.3,220200
AAA,20111004,9.0,9.4,9.0,9.3,180100
AAA,20111003,9.2,9.3,9.0,9.2,410400
AAA,20110930,9.9,9.9,9.4,9.5,153300
AAA,20110929,10.2,10.2,9.7,9.9,735300
AAA,20110928,11.0,11.0,10.4,10.4,200800
AAA,20110927,10.9,10.9,10.4,10.9,1517900
AAA,20110926,10.8,10.8,10.8,10.2,61200
AAA,20110923,9.3,10.0,9.0,10.1,1198900
AAA,20110922,9.5,9.6,9.3,9.4,103900
AAA,20110921,9.4,9.4,9.1,9.4,90500
AAA,20110920,9.6,9.7,9.3,9.3,117800
AAA,20110919,9.2,9.4,9.0,9.4,203500
AAA,20110916,9.4,9.5,9.1,9.2,278600
AAA,20110915,9.2,9.3,8.8,9.3,291000
AAA,20110914,9.7,9.9,9.2,9.4,343900
AAA,20110913,9.8,10.1,9.7,9.8,389000
AAA,20110912,9.2,9.6,9.1,9.6,410500
AAA,20110909,8.9,9.2,8.8,9.2,285300
AAA,20110908,9.3,9.4,9.1,9.1,315400
AAA,20110907,8.4,8.8,8.4,8.9,291100
AAA,20110906,8.5,8.6,8.1,8.3,287000
AAA,20110905,9.0,9.0,8.6,8.6,313800
AAA,20110901,8.9,9.0,8.6,9.0,196200
AAA,20110831,9.0,9.1,8.6,8.7,286200
AAA,20110830,9.1,9.1,9.0,8.9,554400
AAA,20110829,8.2,8.5,8.1,8.6,449200
AAA,20110826,8.3,8.3,8.0,8.0,197700
AAA,20110825,8.1,8.2,7.8,8.1,348600
AAA,20110824,8.1,8.4,7.8,8.0,276100
AAA,20110823,8.6,8.7,8.1,8.1,145300
AAA,20110822,7.7,8.3,7.7,8.4,530400
AAA,20110819,7.5,7.9,7.5,7.8,152700
AAA,20110818,8.2,8.4,8.0,7.9,297300
AAA,20110817,7.4,7.9,7.4,7.9,261300
AAA,20110816,7.4,7.7,7.4,7.4,39300
AAA,20110815,7.4,7.4,7.3,7.4,30300
AAA,20110812,7.4,7.7,7.4,7.5,25700
AAA,20110811,7.2,7.4,7.1,7.4,38300
AAA,20110810,7.2,7.7,7.2,7.5,46200
AAA,20110809,7.5,7.5,7.1,7.2,176500
AAA,20110808,7.7,7.7,7.4,7.6,142500
AAA,20110805,8.3,8.3,7.9,7.9,214000
AAA,20110804,7.6,8.0,7.6,7.8,61700
AAA,20110803,7.2,7.5,7.1,7.5,36100
AAA,20110802,7.4,7.5,7.2,7.3,103900
AAA,20110801,7.6,7.6,7.4,7.5,121100
AAA,20110729,7.6,7.6,7.4,7.6,77600
AAA,20110728,7.8,8.0,7.6,7.6,133100
AAA,20110727,7.7,7.7,7.6,7.8,88700
AAA,20110726,8.3,8.3,7.9,7.9,83200
AAA,20110725,8.2,8.2,8.1,8.1,33500
AAA,20110722,8.5,8.5,8.2,8.3,49300
AAA,20110721,8.6,8.6,8.3,8.4,29500
AAA,20110720,8.7,8.7,8.3,8.5,121000
AAA,20110719,8.5,8.5,8.3,8.4,78300
AAA,20110718,8.5,8.5,8.4,8.6,47500
AAA,20110715,8.8,8.8,8.6,8.6,35600
AAA,20110714,8.5,8.8,8.5,8.7,43300
AAA,20110713,9.2,9.3,8.9,8.7,114800
AAA,20110712,8.9,8.9,8.5,9.0,177100
AAA,20110711,8.9,9.0,8.7,8.9,78500
AAA,20110708,9.4,9.4,9.1,9.2,46400
AAA,20110707,9.2,9.3,9.1,9.3,33700
AAA,20110706,9.7,9.7,9.3,9.3,48200
AAA,20110705,9.3,9.6,9.3,9.5,131300
AAA,20110704,8.7,9.1,8.7,9.0,68200
AAA,20110701,9.0,9.1,8.8,8.9,84200
AAA,20110630,9.7,9.7,9.3,9.3,125200
AAA,20110629,9.7,9.7,9.3,9.6,99700
AAA,20110628,10.1,10.2,9.6,9.8,108700
AAA,20110627,10.1,10.2,9.9,10.1,84200
AAA,20110624,10.1,10.1,9.9,10.0,83900
AAA,20110623,10.5,10.5,9.9,10.0,105600
AAA,20110622,10.2,10.5,10.2,10.4,271500
AAA,20110621,10.0,10.1,9.8,9.9,82900
AAA,20110620,9.7,9.9,9.4,9.8,203800
AAA,20110617,10.4,10.6,9.6,9.7,201600
AAA,20110616,10.1,10.5,9.7,10.3,431300
AAA,20110615,10.0,10.0,9.6,10.1,304500
AAA,20110614,11.3,11.5,10.4,10.3,445300
AAA,20110613,11.0,11.1,10.5,11.0,277600
AAA,20110610,10.5,10.8,10.5,10.6,600400
AAA,20110609,9.5,10.1,9.4,10.1,312100
AAA,20110608,10.3,10.5,9.6,9.7,399400
AAA,20110607,9.5,10.1,9.5,10.0,293700
AAA,20110606,9.5,9.6,9.1,9.4,263800
AAA,20110603,9.3,9.4,8.9,9.4,806500
AAA,20110602,8.8,8.9,8.8,8.8,96300
AAA,20110601,7.9,8.4,7.8,8.4,191100
AAA,20110531,7.7,7.9,7.4,7.9,203200
AAA,20110530,8.2,8.2,7.8,7.8,327900
AAA,20110527,8.0,8.1,7.9,7.9,211100
AAA,20110526,6.9,7.8,6.8,7.6,418100
AAA,20110525,7.3,7.4,7.3,7.3,205400
AAA,20110524,8.1,8.1,7.9,7.8,211700
AAA,20110523,8.7,8.8,8.4,8.4,262100
AAA,20110520,9.2,9.2,8.7,9.0,180600
AAA,20110519,9.5,9.7,9.2,9.3,144800
AAA,20110518,10.0,10.0,9.4,9.6,309900
AAA,20110517,10.4,10.4,9.9,10.1,354400
AAA,20110516,11.0,11.0,10.5,10.6,259800
AAA,20110513,10.9,11.0,10.8,10.9,158500
AAA,20110512,11.1,11.2,10.9,11.0,51400
AAA,20110511,11.2,11.2,11.0,11.1,98000
AAA,20110510,11.3,11.7,11.3,11.3,270800
AAA,20110509,11.6,11.7,10.9,11.2,536200
AAA,20110506,11.3,11.4,11.0,11.4,150900
AAA,20110505,11.6,11.6,11.3,11.3,172800
AAA,20110504,11.9,12.1,11.7,11.7,120100
AAA,20110429,11.7,11.9,11.7,12.0,64700
AAA,20110428,12.0,12.2,12.0,11.8,134400
AAA,20110427,11.8,12.0,11.3,11.9,113700
AAA,20110426,11.9,12.0,11.5,11.8,69400
AAA,20110425,11.2,12.7,11.2,11.9,342500
AAA,20110422,12.3,12.3,11.6,12.0,219100
AAA,20110421,12.5,12.6,12.2,12.4,137700
AAA,20110420,12.7,12.7,12.3,12.4,81300
AAA,20110419,12.6,12.6,12.3,12.5,134000
AAA,20110418,12.9,12.9,12.3,12.5,191500
AAA,20110415,13.4,13.5,12.8,13.0,147400
AAA,20110414,13.5,13.5,13.2,13.2,108100
AAA,20110413,13.5,13.5,13.2,13.4,80500
AAA,20110408,13.5,13.6,13.4,13.5,155300
AAA,20110407,13.9,14.0,13.7,13.7,163500
AAA,20110406,13.9,14.2,13.8,13.9,136500
AAA,20110405,13.4,13.8,13.3,13.8,226800
AAA,20110404,13.8,13.8,13.3,13.3,187400
AAA,20110401,13.6,13.7,13.6,13.7,142600
AAA,20110331,13.7,14.1,13.5,13.5,187900
AAA,20110330,13.2,13.5,13.0,13.5,270700
AAA,20110329,14.1,14.3,13.7,13.8,213400
AAA,20110328,14.0,14.4,14.0,14.2,67800
AAA,20110325,14.5,14.5,14.2,14.1,105800
AAA,20110324,15.0,15.0,14.5,14.5,197200
AAA,20110323,13.8,14.4,13.8,14.5,121200
AAA,20110322,14.1,14.4,13.8,14.1,272100
AAA,20110321,15.0,15.5,15.0,14.7,279200
AAA,20110318,14.4,14.9,14.3,14.8,302200
AAA,20110317,14.5,14.7,14.1,14.4,263800
AAA,20110316,14.3,14.6,14.1,14.5,226000
AAA,20110315,13.5,14.3,13.3,14.1,368700
AAA,20110314,15.1,15.1,14.2,14.1,566300
AAA,20110311,15.0,15.4,14.9,15.2,698200
AAA,20110310,13.1,14.3,13.0,14.4,382700
AAA,20110309,13.8,14.0,13.1,13.4,298900
AAA,20110308,13.8,14.3,13.8,14.0,408800
AAA,20110307,13.0,13.8,13.0,13.4,254300
AAA,20110304,13.1,13.4,12.3,13.0,387500
AAA,20110303,14.1,14.2,13.0,13.1,840200
AAA,20110302,14.7,14.7,13.9,14.0,251000
AAA,20110301,15.1,15.1,14.7,14.9,61100
AAA,20110228,15.7,16.2,15.3,15.2,97900
AAA,20110225,15.4,15.8,15.1,15.6,111500
AAA,20110224,16.0,16.0,14.9,15.3,266900
AAA,20110223,16.1,16.3,15.2,16.0,195300
AAA,20110222,15.9,16.4,15.8,15.8,273900
AAA,20110221,17.7,17.8,16.8,16.9,221600
AAA,20110218,19.2,19.2,17.7,18.0,199400
AAA,20110217,18.4,18.4,18.0,18.2,208000
AAA,20110216,18.8,18.8,18.4,18.4,153000
AAA,20110215,18.4,18.6,18.1,18.6,293500
AAA,20110214,18.7,19.1,18.5,18.5,208500
AAA,20110211,18.1,18.7,18.1,18.7,236000
AAA,20110210,18.0,18.3,17.9,18.3,141100
AAA,20110209,18.3,19.1,17.2,18.3,152100
AAA,20110208,18.8,19.2,18.5,18.5,105000
AAA,20110128,18.8,19.3,18.7,18.9,172700
AAA,20110127,18.3,18.6,18.2,18.6,116400
AAA,20110126,17.9,18.5,17.9,18.3,79800
AAA,20110125,18.2,18.2,17.7,17.9,262400
AAA,20110124,19.7,19.7,18.4,18.7,478900
AAA,20110121,20.4,21.0,19.6,19.8,247600
AAA,20110120,20.6,21.2,20.5,20.5,232700
AAA,20110119,19.4,20.4,19.2,20.5,373800
AAA,20110118,18.9,20.1,18.9,19.4,990900
AAA,20110117,18.7,19.0,18.6,18.8,217200
AAA,20110114,18.7,18.8,18.3,18.7,177300
AAA,20110113,19.6,19.6,18.5,18.8,101600
AAA,20110112,18.3,19.5,18.3,18.9,449300
AAA,20110111,18.4,18.4,17.6,18.2,263400
AAA,20110110,18.4,19.0,18.0,18.3,611500
AAA,20110107,17.6,18.1,17.6,18.0,148900
AAA,20110106,17.7,17.9,17.6,17.8,57900
AAA,20110105,18.1,18.2,17.6,17.8,76200
AAA,20110104,18.5,18.6,18.1,18.1,63200
AAA,20101231,18.2,18.2,17.8,18.0,103100
AAA,20101230,18.3,18.3,17.8,18.0,141300
AAA,20101229,18.6,18.8,18.2,18.3,125600
AAA,20101228,18.3,18.9,18.2,18.7,154400
AAA,20101227,18.3,18.3,17.9,18.1,86200
AAA,20101224,17.4,18.4,17.3,18.0,393400
AAA,20101223,17.7,17.8,17.1,17.3,166300
AAA,20101222,18.6,18.8,17.7,17.9,198300
AAA,20101221,18.6,18.7,17.8,18.3,138200
AAA,20101220,19.2,19.2,18.1,18.3,206100
AAA,20101217,18.3,19.0,17.8,18.9,283700
AAA,20101216,18.1,18.2,17.6,17.7,283500
AAA,20101215,18.9,19.4,18.4,18.5,285900
AAA,20101214,21.0,21.0,18.6,18.8,581300
AAA,20101213,20.0,20.2,19.7,20.1,737200
AAA,20101210,18.3,19.0,18.2,19.1,335200
AAA,20101209,17.3,18.9,17.2,18.1,641800
AAA,20101208,18.9,18.9,17.8,17.8,516400
AAA,20101207,20.2,20.2,18.8,18.8,580900
AAA,20101206,20.5,21.1,19.6,19.7,543900
AAA,20101203,20.0,20.2,19.5,20.2,554300
AAA,20101202,17.9,19.3,17.8,19.3,789200
AAA,20101201,18.6,18.8,17.8,17.9,824200
AAA,20101130,18.9,19.7,18.6,18.7,771400
AAA,20101129,18.9,19.5,17.6,19.4,753100
AAA,20101126,18.5,18.7,17.8,18.6,1069100
AAA,20101125,17.0,17.6,16.5,17.6,290200
AAA,20101124,15.9,16.6,15.4,16.6,812400
AAA,20101123,14.7,15.7,14.6,15.7,310300
AAA,20101122,14.2,15.2,13.8,15.0,655600
AAA,20101119,14.9,14.9,14.3,14.6,1098700
AAA,20101118,13.5,14.1,13.2,14.0,174700
AAA,20101117,13.0,13.5,12.7,13.3,326100
AAA,20101116,13.5,13.5,12.7,12.9,291900
AAA,20101115,14.3,14.3,13.2,13.3,199500
AAA,20101112,14.9,15.7,13.9,14.1,368600
AAA,20101111,15.3,15.4,14.8,14.8,353900
AAA,20101110,15.4,15.7,15.3,15.4,109000
AAA,20101109,16.2,16.2,15.2,15.3,447100
AAA,20101108,16.7,16.9,15.9,16.0,196700
AAA,20101105,16.5,17.1,16.5,16.7,266000
AAA,20101104,15.6,16.4,15.6,16.2,160400
AAA,20101103,16.1,16.6,15.6,15.8,330400
AAA,20101102,17.1,17.1,16.2,16.2,194400
AAA,20101101,17.3,17.5,16.8,16.9,244200
AAA,20101029,17.0,17.7,16.7,17.4,315600
AAA,20101028,19.1,19.3,17.0,17.2,481600
AAA,20101027,18.0,18.0,18.0,18.1,188300
AAA,20101026,15.9,16.9,15.9,16.9,400500
AAA,20101025,16.2,16.5,15.5,16.2,416500
AAA,20101022,17.3,17.5,16.0,16.4,550800
AAA,20101021,16.9,18.6,16.9,17.0,774200
AAA,20101020,18.1,18.9,18.1,18.1,99600
AAA,20101019,20.0,20.6,19.4,19.3,489100
AAA,20101018,21.5,21.5,20.4,20.5,596300
AAA,20101015,22.8,22.8,21.7,21.7,392000
AAA,20101014,23.1,23.3,22.5,22.7,221600
AAA,20101013,23.7,23.7,22.7,23.1,133500
AAA,20101012,23.2,24.2,22.8,23.4,458600
AAA,20101011,22.4,23.5,22.0,22.9,431000
AAA,20101008,23.9,24.3,23.2,23.2,565400
AAA,20101007,25.7,25.7,24.3,24.4,395700
AAA,20101006,25.0,26.1,25.0,25.9,534000
AAA,20101005,25.1,25.8,25.1,25.1,1387500
AAA,20101004,26.9,26.9,26.9,26.9,78400
AAA,20101001,31.7,31.7,27.6,28.6,608200
AAA,20100930,29.6,29.6,29.6,29.6,114300
AAA,20100929,29.7,29.7,27.6,28.4,1741500
AAA,20100928,29.6,32.0,29.6,29.6,4541300
AAA,20100927,31.8,31.8,31.8,31.8,7600
AAA,20100924,34.3,34.3,34.3,34.2,28500
AAA,20100923,36.7,36.7,36.7,36.8,20100
AAA,20100922,39.5,39.5,39.5,39.5,76200
AAA,20100921,42.4,42.4,42.4,42.5,171500
AAA,20100920,48.6,48.6,45.6,45.5,73800
AAA,20100917,49.3,49.4,48.7,48.8,504200
AAA,20100916,49.3,49.8,49.2,49.3,472400
AAA,20100915,48.9,49.6,48.7,49.5,515800
AAA,20100914,48.6,49.7,47.5,49.1,704200
AAA,20100913,48.9,49.5,48.1,49.5,602700
AAA,20100910,49.0,49.4,48.1,48.7,367300
AAA,20100909,48.7,49.1,46.4,49.1,810900
AAA,20100908,48.0,50.7,44.8,45.9,869600
AAA,20100907,47.5,48.0,47.5,48.0,858400
AAA,20100906,44.5,44.9,44.5,44.9,839500
AAA,20100901,41.6,43.2,41.3,43.2,803100
AAA,20100831,40.4,40.8,39.9,40.8,620800
AAA,20100830,37.8,38.2,37.8,38.2,591900
AAA,20100827,33.7,36.0,33.7,33.7,587000
AAA,20100826,29.5,33.8,29.4,31.6,717100
AAA,20100825,31.9,32.3,30.1,30.1,271100
AAA,20100824,29.7,30.7,28.7,30.7,242100
AAA,20100823,26.9,28.7,26.8,28.8,423300
AAA,20100820,25.6,27.1,25.6,27.1,449300
AAA,20100819,23.0,25.7,23.0,25.7,225100
AAA,20100818,25.4,25.4,23.7,24.0,80400
AAA,20100817,24.8,26.3,24.8,25.5,89200
AAA,20100816,25.2,25.2,25.1,25.2,31200
AAA,20100813,23.2,24.1,23.2,24.0,53500
AAA,20100812,23.6,23.6,22.5,22.7,81800
AAA,20100811,22.8,23.9,22.8,24.0,168100
AAA,20100810,26.4,26.4,24.1,24.3,122300
AAA,20100809,26.4,26.6,25.2,25.4,173500
AAA,20100806,26.4,26.6,26.4,26.4,150000
AAA,20100805,27.0,27.0,25.9,25.9,169100
AAA,20100804,26.8,27.0,24.8,27.0,245000
AAA,20100803,27.4,27.4,26.3,26.6,405000
AAA,20100802,27.8,28.1,26.4,26.3,682800
AAA,20100730,26.7,27.3,25.6,27.3,346300
AAA,20100729,24.8,26.5,24.2,26.4,509100
AAA,20100728,25.3,25.3,24.3,24.3,64300
AAA,20100727,25.1,25.3,24.5,24.9,112900
AAA,20100726,24.9,25.2,24.3,24.3,131700
AAA,20100723,25.6,25.6,24.7,24.8,115800
AAA,20100722,24.3,25.9,24.2,24.3,147200
AAA,20100721,24.4,24.5,23.8,24.3,75800
AAA,20100720,25.9,25.9,24.0,24.4,328700
AAA,20100719,26.7,26.7,25.0,25.0,104900
AAA,20100716,26.7,26.7,25.1,25.1,109200
AAA,20100715,27.5,28.6,25.9,26.3,174100
