<Ticker>,<DTYYYYMMDD>,<Open>,<High>,<Low>,<Close>,<Volume>
AAA,20150422,12.8,13.0,12.8,13.0,296300
AAM,20150422,12.6,12.6,12.6,12.6,10
ABI,20150422,0.0,0.0,0.0,10.5,0
ABT,20150422,0.0,50.5,50.5,50.5,10
ACB,20150422,16.3,16.6,16.3,16.5,105481
ACC,20150422,32.7,33.0,32.7,33.0,1010
ACE,20150422,0.0,0.0,0.0,19.0,0
ACL,20150422,0.0,0.0,0.0,9.4,0
ADC,20150422,0.0,0.0,0.0,24.0,0
ADP,20150422,26.4,26.4,26.4,26.4,300
AGF,20150422,20.0,20.0,20.0,20.0,2640
AGM,20150422,0.0,0.0,0.0,10.5,0
AGR,20150422,5.8,5.9,5.8,5.9,107580
ALT,20150422,0.0,0.0,0.0,12.6,0
ALV,20150422,6.8,6.9,6.8,6.9,33500
AMC,20150422,0.0,0.0,0.0,26.5,0
AMD,20150422,15.8,16.0,15.7,15.9,91200
AME,20150422,3.9,3.9,3.9,3.9,100
AMV,20150422,3.9,3.9,3.9,3.9,2000
ANV,20150422,9.4,9.6,9.4,9.6,4030
APC,20150422,17.0,17.2,16.9,17.2,54800
APG,20150422,5.8,6.2,5.8,6.1,40200
API,20150422,14.5,14.6,14.3,14.4,167200
APP,20150422,0.0,0.0,0.0,13.0,0
APS,20150422,4.2,4.2,4.1,4.1,73100
ARM,20150422,0.0,0.0,0.0,25.0,0
ASA,20150422,4.7,4.7,4.6,4.7,47700
ASD,20150422,0.0,0.0,0.0,2.3,0
ASM,20150422,8.4,8.4,8.2,8.2,538850
ASP,20150422,5.4,5.5,5.4,5.5,2260
ATA,20150422,2.5,2.5,2.4,2.5,32490
AVF,20150422,1.1,1.3,1.1,1.2,171100
B82,20150422,10.7,11.2,10.6,11.2,24600
BAM,20150422,3.8,3.9,3.8,3.9,182510
BBC,20150422,0.0,0.0,0.0,58.0,0
BBS,20150422,0.0,0.0,0.0,19.0,0
BCC,20150422,19.0,19.7,19.0,19.3,532510
BCE,20150422,9.4,9.5,9.2,9.4,12940
BCI,20150422,21.0,21.9,21.0,21.9,7480
BDB,20150422,0.0,0.0,0.0,5.3,0
BED,20150422,0.0,0.0,0.0,17.0,0
BGM,20150422,3.8,3.8,3.7,3.8,54100
BHP,20150422,10.9,12.0,10.9,12.0,9200
BHS,20150422,10.0,10.1,9.9,10.0,12450
BHT,20150422,0.0,0.0,0.0,6.0,0
BIC,20150422,16.8,16.8,16.5,16.5,175110
BID,20150422,18.8,19.0,18.4,18.6,2705440
BII,20150422,9.4,9.5,9.2,9.3,120900
BKC,20150422,16.2,16.2,16.2,16.2,100
BLF,20150422,0.0,0.0,0.0,7.0,0
BMC,20150422,21.9,22.9,21.9,22.8,27670
BMI,20150422,17.3,17.5,17.3,17.5,38050
BMJ,20150422,9.8,9.8,9.8,9.8,1000
BMP,20150422,78.0,79.5,78.0,79.5,11480
BPC,20150422,0.0,0.0,0.0,13.3,0
BRC,20150422,0.0,0.0,0.0,10.0,0
BSC,20150422,0.0,0.0,0.0,8.7,0
BSI,20150422,10.4,10.5,10.3,10.5,81800
BST,20150422,0.0,0.0,0.0,14.3,0
BT6,20150422,8.1,8.2,8.1,8.2,2010
BTC,20150422,0.0,0.0,0.0,45.1,0
BTG,20150422,0.0,0.0,0.0,11.4,0
BTH,20150422,9.3,9.3,9.3,9.3,200
BTP,20150422,14.4,15.0,14.3,14.7,242820
BTS,20150422,12.6,12.6,11.8,12.3,207420
BTT,20150422,0.0,0.0,0.0,40.0,0
BTW,20150422,16.5,16.5,16.5,16.5,1600
BVG,20150422,1.7,1.7,1.7,1.7,1000
BVH,20150422,35.1,35.2,34.9,35.0,152340
BVN,20150422,0.0,0.0,0.0,9.4,0
BVS,20150422,14.0,14.0,13.7,13.7,122100
BWA,20150422,0.0,0.0,0.0,7.4,0
BXH,20150422,10.1,10.1,10.1,10.1,300
C21,20150422,21.0,21.0,21.0,21.0,4900
C32,20150422,33.9,34.2,33.7,34.1,28720
C47,20150422,16.8,16.8,16.8,16.8,2000
C92,20150422,0.0,0.0,0.0,10.6,0
CAD,20150422,0.0,0.0,0.0,2.0,0
CAN,20150422,25.0,28.5,25.0,28.5,1200
CAP,20150422,32.0,32.3,32.0,32.2,8900
CAV,20150422,38.7,38.7,38.0,38.4,24150
CCI,20150422,0.0,13.6,13.6,13.6,10
CCL,20150422,4.3,4.5,4.3,4.4,287040
CCM,20150422,44.7,44.7,44.7,44.7,1000
CDC,20150422,8.9,9.0,8.7,8.7,15240
CDO,20150422,21.6,22.2,21.5,21.7,1266890
CEC,20150422,0.0,0.0,0.0,5.4,0
CEO,20150422,12.7,12.9,12.7,12.8,1129900
CFC,20150422,8.1,8.1,8.1,8.1,3600
CHP,20150422,16.4,16.4,16.1,16.3,61650
CI5,20150422,0.0,0.0,0.0,16.0,0
CID,20150422,0.0,0.0,0.0,4.6,0
CIG,20150422,0.0,0.0,0.0,2.1,0
CII,20150422,21.8,23.2,21.6,23.1,5695820
CJC,20150422,20.2,20.2,20.1,20.1,700
CKV,20150422,13.0,13.3,13.0,13.3,4800
CLC,20150422,0.0,0.0,0.0,33.1,0
CLG,20150422,7.7,7.9,7.7,7.9,8720
CLL,20150422,31.4,32.0,30.9,32.0,1100
CLW,20150422,19.5,20.0,19.3,19.4,1940
CMC,20150422,0.0,0.0,0.0,5.1,0
CMG,20150422,11.7,11.7,11.5,11.7,107020
CMI,20150422,14.9,14.9,14.4,14.6,28700
CMS,20150422,12.2,12.4,12.1,12.3,31400
CMT,20150422,0.0,0.0,0.0,11.2,0
CMV,20150422,14.5,14.5,14.5,14.5,400
CMX,20150422,6.1,6.1,6.0,6.0,34600
CNC,20150422,25.0,25.0,25.0,25.0,200
CNG,20150422,31.8,31.9,31.8,31.9,10130
COM,20150422,0.0,0.0,0.0,36.5,0
CPC,20150422,20.0,21.9,20.0,21.1,1900
CSC,20150422,17.4,19.1,17.4,19.1,54810
CSM,20150422,39.4,39.4,38.9,39.2,110020
CSV,20150422,19.0,19.4,19.0,19.4,110
CT3,20150422,0.0,0.0,0.0,4.0,0
CT6,20150422,9.3,9.6,9.3,9.6,800
CTA,20150422,0.0,0.0,0.0,4.3,0
CTB,20150422,32.0,32.0,32.0,32.0,300
CTC,20150422,6.1,6.1,6.1,6.1,100
CTD,20150422,76.5,77.0,76.0,76.0,10910
CTG,20150422,17.8,18.0,17.4,17.6,3611600
CTI,20150422,11.1,11.1,11.1,11.1,20
CTM,20150422,0.0,0.0,0.0,2.7,0
CTN,20150422,0.0,0.0,0.0,5.5,0
CTS,20150422,8.1,8.3,8.0,8.0,247400
CTX,20150422,0.0,0.0,0.0,9.7,0
CVN,20150422,1.9,2.0,1.9,2.0,72600
CVT,20150422,25.5,25.5,25.3,25.4,92300
CX8,20150422,0.0,0.0,0.0,5.3,0
CYC,20150422,0.0,0.0,0.0,3.7,0
CZC,20150422,11.5,12.5,11.0,12.5,1200
D11,20150422,13.0,13.0,13.0,13.0,100
D26,20150422,0.0,0.0,0.0,5.1,0
D2D,20150422,0.0,0.0,0.0,32.3,0
DAC,20150422,0.0,0.0,0.0,6.7,0
DAD,20150422,0.0,0.0,0.0,17.0,0
DAE,20150422,0.0,0.0,0.0,16.6,0
DAG,20150422,14.7,14.8,14.4,14.8,49230
DAP,20150422,0.0,0.0,0.0,30.0,0
DAS,20150422,0.0,0.0,0.0,3.6,0
DBC,20150422,27.8,28.3,27.7,28.3,7810
DBF,20150422,0.0,0.0,0.0,0.0,0
DBM,20150422,0.0,0.0,0.0,29.3,0
DBT,20150422,20.0,21.4,20.0,21.4,666
DC2,20150422,3.1,3.1,3.1,3.1,1000
DC4,20150422,0.0,0.0,0.0,8.0,0
DCL,20150422,46.0,46.0,44.1,46.0,8630
DCM,20150422,13.4,13.6,13.4,13.5,681400
DCS,20150422,4.4,4.4,4.3,4.3,311410
DCT,20150422,2.2,2.2,2.1,2.1,132010
DDM,20150422,0.0,0.0,0.0,1.9,0
DDN,20150422,22.5,22.5,22.0,22.0,4540
DGC,20150422,0.0,0.0,0.0,37.9,0
DGT,20150422,0.0,0.0,0.0,5.9,0
DHA,20150422,17.4,17.7,17.4,17.6,43980
DHC,20150422,21.3,21.7,21.3,21.4,33860
DHG,20150422,86.0,86.0,85.0,85.5,1680
DHM,20150422,3.7,3.8,3.6,3.8,111740
DHP,20150422,9.7,9.8,9.7,9.8,7200
DHT,20150422,0.0,0.0,0.0,32.8,0
DIC,20150422,8.2,8.4,8.2,8.4,34530
DID,20150422,0.0,0.0,0.0,5.0,0
DIG,20150422,12.0,12.3,12.0,12.2,452610
DIH,20150422,9.4,9.5,9.4,9.5,300
DL1,20150422,9.5,9.5,8.3,9.2,400
DLC,20150422,13.0,13.0,13.0,13.0,1400
DLD,20150422,0.0,0.0,0.0,10.0,0
DLG,20150422,9.5,10.1,9.0,10.1,10466610
DLR,20150422,5.8,5.8,5.8,5.8,100
DMC,20150422,42.2,42.4,42.0,42.0,11200
DNC,20150422,16.7,16.7,16.7,16.7,100
DNF,20150422,3.7,3.7,3.7,3.7,100
DNL,20150422,0.0,0.0,0.0,12.0,0
DNM,20150422,0.0,0.0,0.0,34.8,0
DNP,20150422,14.3,14.3,14.3,14.3,12700
DNS,20150422,0.0,0.0,0.0,18.8,0
DNY,20150422,5.2,5.2,5.2,5.2,900
DPC,20150422,14.5,14.5,14.5,14.5,100
DPM,20150422,30.2,30.9,30.2,30.7,437020
DPP,20150422,0.0,0.0,0.0,11.1,0
DPR,20150422,33.6,33.6,33.4,33.5,11850
DQC,20150422,57.5,57.5,57.0,57.5,46040
DRC,20150422,60.5,61.0,60.5,60.5,14200
DRH,20150422,5.8,5.8,5.6,5.7,147890
DRL,20150422,0.0,0.0,0.0,39.0,0
DSN,20150422,62.5,62.5,62.0,62.0,2000
DST,20150422,0.0,0.0,0.0,13.0,0
DTA,20150422,0.0,5.8,5.8,5.8,1010
DTC,20150422,0.0,0.0,0.0,12.7,0
DTL,20150422,0.0,0.0,0.0,9.0,0
DTN,20150422,0.0,0.0,0.0,7.0,0
DTT,20150422,0.0,0.0,0.0,8.0,0
DTV,20150422,0.0,0.0,0.0,0.0,0
DVC,20150422,14.6,14.6,14.6,14.6,100
DVH,20150422,0.0,0.0,0.0,9.5,0
DVP,20150422,51.0,51.5,51.0,51.5,160
DXG,20150422,17.0,17.0,15.9,15.9,3449250
DXL,20150422,0.0,0.0,0.0,3.0,0
DXP,20150422,41.0,43.5,41.0,43.5,2850
DXV,20150422,4.5,4.5,4.5,4.5,2190
DZM,20150422,5.8,5.8,5.6,5.7,16000
E1SSHN30,20150422,9.3,9.3,9.3,9.3,5200
E1VFVN30,20150422,9.1,9.2,9.1,9.1,54900
EBS,20150422,9.0,9.0,9.0,9.0,6900
ECI,20150422,0.0,0.0,0.0,19.0,0
EFI,20150422,8.2,8.2,8.1,8.2,36800
EIB,20150422,12.8,13.0,12.8,13.0,426490
EID,20150422,12.9,12.9,12.7,12.7,6500
ELC,20150422,17.0,17.0,16.4,16.8,30180
EMC,20150422,6.6,7.2,6.6,7.0,20160
EVE,20150422,0.0,26.5,26.5,26.5,10
FBA,20150422,2.0,2.0,1.9,1.9,2600
FCM,20150422,8.3,8.4,8.3,8.4,99370
FCN,20150422,23.4,23.7,23.4,23.5,385310
FDC,20150422,20.0,20.0,19.7,19.8,3260
FDT,20150422,0.0,0.0,0.0,22.5,0
FIT,20150422,14.5,14.6,14.2,14.6,4263765
FLC,20150422,10.7,10.7,10.5,10.5,4618610
FMC,20150422,25.8,26.0,25.5,25.5,140220
FPT,20150422,50.0,51.0,50.0,50.0,539100
G20,20150422,11.7,11.7,11.7,11.7,1500
GAS,20150422,65.0,65.5,64.5,65.0,337590
GDT,20150422,0.0,36.7,36.7,36.7,40
GDW,20150422,0.0,0.0,0.0,16.4,0
GER,20150422,0.0,0.0,0.0,3.6,0
GGG,20150422,1.3,1.3,1.2,1.3,177700
GHC,20150422,28.0,28.0,28.0,28.0,16800
GIL,20150422,28.8,29.0,28.3,28.3,37000
GLT,20150422,17.5,19.5,17.5,19.2,500
GMC,20150422,36.9,37.0,35.5,37.0,2840
GMD,20150422,29.0,29.8,28.7,29.2,238630
GMX,20150422,0.0,0.0,0.0,12.5,0
GSM,20150422,5.7,6.9,5.7,6.9,25100
GSP,20150422,12.3,12.5,12.3,12.5,82130
GTA,20150422,15.0,16.8,15.0,16.0,5330
GTC,20150422,0.0,0.0,0.0,3.5,0
GTH,20150422,0.0,0.0,0.0,5.2,0
GTN,20150422,16.5,16.6,16.4,16.6,2437390
GTT,20150422,2.2,2.3,2.2,2.2,188280
H11,20150422,0.0,0.0,0.0,13.7,0
HAD,20150422,47.5,47.5,47.5,47.5,1100
HAG,20150422,20.3,20.4,20.1,20.3,873870
HAH,20150422,35.0,35.5,34.5,35.5,4020
HAI,20150422,11.0,11.1,10.7,10.7,4433890
HAP,20150422,6.5,6.5,6.4,6.4,273690
HAR,20150422,8.4,8.4,8.2,8.3,413240
HAS,20150422,0.0,0.0,0.0,5.7,0
HAT,20150422,53.0,53.0,53.0,53.0,400
HAX,20150422,10.2,10.2,10.2,10.2,10
HBC,20150422,20.6,20.8,20.5,20.6,157980
HBD,20150422,12.7,12.7,12.7,12.7,400
HBE,20150422,0.0,0.0,0.0,5.0,0
HBS,20150422,3.9,4.7,3.9,4.7,5900
HCC,20150422,16.7,17.2,16.6,17.2,14100
HCI,20150422,0.0,0.0,0.0,6.3,0
HCM,20150422,31.2,31.3,30.8,31.0,268020
HCT,20150422,9.2,9.9,9.2,9.9,200
HDA,20150422,0.0,0.0,0.0,11.4,0
HDC,20150422,13.7,13.7,13.7,13.7,2080
HDG,20150422,28.0,28.5,28.0,28.0,13780
HDM,20150422,0.0,0.0,0.0,40.4,0
HDO,20150422,2.8,2.8,2.7,2.8,2400
HEV,20150422,11.8,11.8,11.8,11.8,300
HFC,20150422,0.0,0.0,0.0,12.0,0
HFX,20150422,0.0,0.0,0.0,2.2,0
HGM,20150422,46.4,46.4,46.4,46.4,500
HHC,20150422,28.6,31.0,28.6,31.0,212
HHG,20150422,7.9,7.9,7.9,7.9,31100
HHS,20150422,20.5,20.8,20.0,20.6,3016600
HIG,20150422,0.0,0.0,0.0,5.6,0
HJS,20150422,12.5,12.5,12.5,12.5,5698
HKB,20150422,8.9,8.9,8.4,8.4,70400
HLC,20150422,9.7,9.7,9.1,9.1,10400
HLD,20150422,21.6,21.6,21.1,21.1,74200
HLG,20150422,0.0,0.0,0.0,3.6,0
HLY,20150422,0.0,0.0,0.0,9.5,0
HMC,20150422,9.7,9.7,9.7,9.7,3220
HMH,20150422,24.1,24.1,24.0,24.0,1800
HNM,20150422,14.2,14.5,14.1,14.3,29400
HOM,20150422,8.0,8.5,8.0,8.3,36600
HOT,20150422,0.0,0.0,0.0,31.0,0
HPB,20150422,14.0,14.0,14.0,14.0,500
HPC,20150422,4.0,4.1,4.0,4.1,16200
HPG,20150422,45.1,46.1,45.1,45.1,639770
HPP,20150422,0.0,0.0,0.0,24.7,0
HPS,20150422,0.0,0.0,0.0,6.1,0
HPT,20150422,0.0,0.0,0.0,8.2,0
HQC,20150422,6.6,6.6,6.4,6.5,3863160
HRC,20150422,0.0,46.4,46.4,46.4,250
HSG,20150422,37.1,38.8,37.1,38.6,434190
HSI,20150422,1.8,1.8,1.8,1.8,43060
HST,20150422,0.0,0.0,0.0,6.5,0
HT1,20150422,21.4,22.4,21.4,22.3,674400
HTC,20150422,43.6,43.6,43.6,43.6,400
HTI,20150422,16.9,17.0,16.9,16.9,91800
HTL,20150422,63.0,69.5,63.0,67.5,630
HTP,20150422,0.0,0.0,0.0,8.0,0
HTV,20150422,0.0,0.0,0.0,17.9,0
HU1,20150422,0.0,7.7,7.7,7.7,10
HU3,20150422,0.0,0.0,0.0,8.3,0
HUT,20150422,15.6,15.7,15.5,15.6,456740
HVG,20150422,20.2,20.2,19.8,19.9,559510
HVT,20150422,18.1,18.3,18.1,18.3,600
HVX,20150422,0.0,0.0,0.0,6.6,0
ICF,20150422,0.0,5.2,5.2,5.2,10
ICG,20150422,8.2,8.2,8.1,8.1,205200
ICI,20150422,7.2,7.2,7.2,7.2,100
IDI,20150422,9.2,9.4,9.1,9.2,1919440
IDJ,20150422,2.9,2.9,2.9,2.9,3100
IDV,20150422,61.5,61.5,60.6,60.6,2200
IHK,20150422,0.0,0.0,0.0,8.7,0
IJC,20150422,11.5,11.6,11.4,11.5,177220
IME,20150422,0.0,0.0,0.0,8.3,0
IMP,20150422,46.5,46.5,46.1,46.1,72600
IN4,20150422,0.0,0.0,0.0,19.0,0
INC,20150422,5.3,5.3,5.3,5.3,200
INN,20150422,33.2,34.3,33.2,34.3,300
ITA,20150422,7.0,7.1,6.9,6.9,1910720
ITC,20150422,8.0,8.2,8.0,8.1,407130
ITD,20150422,13.2,13.5,13.1,13.1,68890
ITQ,20150422,12.0,12.0,11.1,11.1,528800
IVS,20150422,13.4,13.7,13.3,13.5,343700
JSC,20150422,0.0,0.0,0.0,2.3,0
JVC,20150422,20.9,21.3,20.8,21.0,1396770
KAC,20150422,9.3,9.3,9.3,9.3,10
KBC,20150422,16.3,16.4,16.1,16.2,1057770
KBE,20150422,0.0,0.0,0.0,5.2,0
KCE,20150422,0.0,0.0,0.0,6.2,0
KDC,20150422,45.0,45.1,44.9,44.9,327290
KDH,20150422,21.6,21.9,21.4,21.4,579810
KHA,20150422,0.0,31.5,31.5,31.5,110
KHB,20150422,3.6,3.7,3.6,3.7,2600
KHL,20150422,2.8,2.8,2.7,2.7,36700
KHP,20150422,13.6,13.6,13.6,13.6,29060
KKC,20150422,12.0,12.0,12.0,12.0,3500
KLF,20150422,9.5,9.6,8.9,9.0,11060030
KLS,20150422,9.4,9.4,9.2,9.3,286510
KMR,20150422,5.1,5.2,5.1,5.1,578680
KMT,20150422,0.0,0.0,0.0,5.7,0
KSA,20150422,8.1,8.3,7.9,8.0,800250
KSB,20150422,33.0,33.3,33.0,33.0,13360
KSC,20150422,0.0,0.0,0.0,1.2,0
KSD,20150422,4.4,4.6,4.4,4.6,57400
KSH,20150422,9.2,9.6,9.1,9.4,315100
KSK,20150422,2.9,3.0,2.9,3.0,80000
KSQ,20150422,5.2,5.5,5.1,5.1,76900
KSS,20150422,3.7,3.8,3.7,3.7,239290
KST,20150422,0.0,0.0,0.0,5.3,0
KTB,20150422,3.6,3.7,3.6,3.6,240800
KTL,20150422,7.5,7.8,7.5,7.7,6600
KTS,20150422,13.3,14.0,13.3,14.0,2100
KTT,20150422,0.0,0.0,0.0,3.7,0
KVC,20150422,18.3,18.3,18.3,18.3,100
L10,20150422,15.7,15.7,15.7,15.7,2820
L14,20150422,30.2,31.0,30.1,31.0,3500
L18,20150422,12.0,12.0,12.0,12.0,1200
L35,20150422,0.0,0.0,0.0,5.3,0
L43,20150422,6.0,6.0,6.0,6.0,900
L44,20150422,5.4,5.4,5.4,5.4,1700
L61,20150422,0.0,0.0,0.0,11.5,0
L62,20150422,0.0,0.0,0.0,6.5,0
LAF,20150422,13.5,13.5,13.2,13.2,34670
LAS,20150422,32.4,32.9,32.4,32.9,334200
LBE,20150422,16.0,16.0,16.0,16.0,1200
LBM,20150422,14.4,14.9,14.3,14.3,14850
LCC,20150422,0.0,0.0,0.0,2.3,0
LCD,20150422,17.4,18.1,17.0,17.0,5455
LCG,20150422,7.6,7.7,7.5,7.5,161600
LCM,20150422,2.5,2.6,2.4,2.6,107030
LCS,20150422,0.0,0.0,0.0,4.7,0
LDP,20150422,0.0,0.0,0.0,58.8,0
LGC,20150422,22.5,22.8,22.1,22.7,80650
LGL,20150422,7.4,7.6,7.4,7.6,13630
LHC,20150422,0.0,0.0,0.0,66.3,0
LHG,20150422,12.0,12.0,11.9,11.9,3100
LIG,20150422,11.5,12.0,11.5,12.0,4700
LIX,20150422,36.0,37.0,36.0,36.0,25680
LKW,20150422,0.0,0.0,0.0,8.2,0
LM3,20150422,0.0,0.0,0.0,2.4,0
LM7,20150422,0.0,0.0,0.0,3.6,0
LM8,20150422,27.0,27.4,26.8,27.4,6620
LO5,20150422,0.0,0.0,0.0,3.4,0
LSS,20150422,9.1,9.1,8.8,9.0,61930
LTC,20150422,6.9,6.9,6.2,6.4,2700
LUT,20150422,4.4,4.4,4.4,4.4,7500
MAC,20150422,13.4,13.4,13.2,13.2,5000
MAS,20150422,90.0,91.5,90.0,91.0,6800
MAX,20150422,0.0,0.0,0.0,2.9,0
MBB,20150422,13.5,13.7,13.5,13.5,377740
MCC,20150422,0.0,0.0,0.0,16.2,0
MCF,20150422,0.0,0.0,0.0,19.8,0
MCG,20150422,6.0,6.0,5.9,6.0,210510
MCO,20150422,0.0,0.0,0.0,3.4,0
MCP,20150422,15.4,15.4,15.4,15.4,100
MDC,20150422,11.9,11.9,11.9,11.9,800
MDF,20150422,4.5,4.5,4.5,4.5,100
MDG,20150422,4.2,4.3,4.2,4.2,8580
MEC,20150422,6.1,6.3,5.7,6.2,242000
MEF,20150422,0.0,0.0,0.0,0.0,0
MHC,20150422,12.2,12.4,11.9,12.1,503250
MHL,20150422,5.7,5.7,5.7,5.7,100
MIC,20150422,7.3,7.3,7.3,7.3,100
MIM,20150422,0.0,0.0,0.0,6.3,53
MKV,20150422,0.0,0.0,0.0,8.5,0
MMC,20150422,0.0,0.0,0.0,2.0,0
MNC,20150422,9.9,9.9,9.6,9.6,800
MSN,20150422,81.0,81.0,80.5,81.0,77210
MTC,20150422,0.0,0.0,0.0,10.0,0
MTG,20150422,2.9,2.9,2.7,2.8,13230
MTH,20150422,28.6,28.6,28.6,28.6,100
MTP,20150422,16.9,16.9,16.9,16.9,100
MWG,20150422,105.0,105.0,104.0,104.0,25120
NAG,20150422,6.4,6.8,6.4,6.7,62300
NAV,20150422,7.2,7.2,7.2,7.2,11020
NBB,20150422,22.5,24.0,22.5,24.0,1461690
NBC,20150422,14.7,14.7,14.3,14.3,11695
NBP,20150422,0.0,0.0,0.0,18.1,0
NBS,20150422,0.0,0.0,0.0,40.5,0
NBW,20150422,0.0,0.0,0.0,16.0,0
NCT,20150422,104.0,105.0,103.0,104.0,16540
ND2,20150422,9.7,9.7,9.6,9.6,11300
NDC,20150422,0.0,0.0,0.0,27.8,0
NDF,20150422,7.7,7.7,7.4,7.4,4900
NDN,20150422,13.8,13.9,13.6,13.6,377300
NDX,20150422,9.4,9.4,9.4,9.4,30000
NET,20150422,0.0,0.0,0.0,26.9,0
NFC,20150422,0.0,0.0,0.0,28.5,0
NGC,20150422,26.0,26.5,26.0,26.5,400
NHA,20150422,0.0,0.0,0.0,9.7,0
NHC,20150422,0.0,0.0,0.0,26.4,0
NHN,20150422,0.0,0.0,0.0,38.0,0
NHP,20150422,22.7,24.9,22.3,24.9,879300
NHS,20150422,10.4,10.5,10.4,10.5,13810
NKG,20150422,14.5,14.5,14.2,14.2,58290
NLC,20150422,0.0,0.0,0.0,0.0,0
NLG,20150422,20.0,20.0,19.5,19.5,231130
NMK,20150422,0.0,0.0,0.0,15.0,0
NNC,20150422,51.0,54.0,51.0,53.0,8540
NNG,20150422,0.0,0.0,0.0,19.3,0
NNT,20150422,0.0,0.0,0.0,11.2,0
NOS,20150422,1.1,1.1,1.1,1.1,6100
NPS,20150422,14.6,14.6,14.6,14.6,10400
NSC,20150422,90.0,90.0,85.0,90.0,4740
NST,20150422,11.2,12.2,11.2,12.2,4200
NT2,20150422,25.3,26.0,25.3,25.8,396130
NTB,20150422,2.0,2.2,2.0,2.1,159500
NTL,20150422,12.2,12.2,12.0,12.0,171630
NTP,20150422,0.0,0.0,0.0,49.8,20
NTW,20150422,38.6,45.4,38.5,42.0,15800
NVB,20150422,0.0,0.0,0.0,6.7,0
NVN,20150422,1.3,1.3,1.2,1.2,5080
NVT,20150422,3.8,3.8,3.5,3.5,299640
OCH,20150422,0.0,0.0,0.0,24.6,0
OGC,20150422,4.3,4.3,4.2,4.2,1588230
ONE,20150422,9.2,9.6,9.2,9.6,6600
OPC,20150422,38.0,38.0,37.5,37.5,1100
ORS,20150422,3.0,3.3,3.0,3.2,481500
PAC,20150422,28.6,28.6,28.2,28.6,57570
PAN,20150422,38.0,38.0,38.0,38.0,190
PBP,20150422,18.2,18.2,17.9,18.0,14800
PCG,20150422,0.0,0.0,0.0,6.0,0
PCT,20150422,7.9,8.0,7.8,7.8,134400
PDC,20150422,4.0,4.0,4.0,4.0,200
PDN,20150422,37.3,39.5,37.2,39.5,210
PDR,20150422,18.1,18.3,18.1,18.2,258150
PEC,20150422,0.0,0.0,0.0,8.0,0
PEN,20150422,11.9,11.9,11.9,11.9,1000
PET,20150422,20.4,20.6,20.4,20.5,748430
PFL,20150422,1.5,1.5,1.4,1.5,248500
PGC,20150422,13.6,13.7,13.6,13.7,17330
PGD,20150422,29.5,29.5,29.0,29.3,120020
PGI,20150422,12.3,13.1,12.3,13.1,97270
PGS,20150422,19.9,19.9,19.7,19.7,121100
PGT,20150422,6.1,6.1,6.1,6.1,4991
PHC,20150422,5.6,5.8,5.5,5.8,10200
PHH,20150422,7.0,7.0,6.9,7.0,107000
PHR,20150422,21.3,21.8,21.3,21.8,2440
PID,20150422,0.0,0.0,0.0,5.5,0
PIT,20150422,0.0,7.7,7.7,7.7,2000
PIV,20150422,18.0,18.0,18.0,18.0,900
PJC,20150422,18.5,18.5,18.5,18.5,1100
PJS,20150422,11.9,11.9,11.9,11.9,100
PJT,20150422,8.5,8.5,8.5,8.5,7600
PLC,20150422,33.4,33.4,32.3,32.3,154616
PMC,20150422,46.9,46.9,46.7,46.7,6600
PMS,20150422,8.3,9.2,8.3,9.2,12600
PMT,20150422,0.0,0.0,0.0,7.9,0
PNC,20150422,0.0,0.0,0.0,13.0,0
PNJ,20150422,48.7,49.4,48.7,49.4,4940
POM,20150422,6.7,6.7,6.3,6.4,11100
POT,20150422,0.0,0.0,0.0,14.8,24
POV,20150422,7.4,7.4,7.4,7.4,1700
PPC,20150422,24.0,24.3,23.9,23.9,83010
PPE,20150422,7.6,7.6,7.6,7.6,1300
PPG,20150422,2.2,2.2,2.2,2.2,1000
PPI,20150422,9.7,9.7,9.2,9.2,264680
PPP,20150422,0.0,0.0,0.0,9.5,0
PPS,20150422,0.0,0.0,0.0,11.5,0
PRC,20150422,0.0,0.0,0.0,11.2,0
PRO,20150422,0.0,0.0,0.0,7.0,0
PSB,20150422,6.5,6.5,6.2,6.4,31400
PSC,20150422,14.4,14.4,14.1,14.1,200
PSD,20150422,0.0,0.0,0.0,50.4,0
PSE,20150422,14.0,14.3,14.0,14.3,2400
PSI,20150422,7.0,7.0,7.0,7.0,5900
PSL,20150422,0.0,0.0,0.0,12.6,0
PSP,20150422,10.5,10.5,10.5,10.5,1400
PTB,20150422,60.0,60.0,59.0,59.5,33590
PTC,20150422,12.4,13.5,12.4,12.8,3210
PTD,20150422,20.7,20.7,20.7,20.7,1800
PTG,20150422,0.0,0.0,0.0,1.1,0
PTH,20150422,0.0,0.0,0.0,6.7,0
PTI,20150422,15.1,15.4,15.1,15.4,10100
PTK,20150422,3.0,3.1,3.0,3.1,42300
PTL,20150422,2.5,2.5,2.4,2.4,412190
PTM,20150422,0.0,0.0,0.0,4.3,0
PTP,20150422,0.0,0.0,0.0,6.0,0
PTS,20150422,5.7,5.9,5.7,5.9,4300
PTT,20150422,3.1,3.1,3.0,3.0,1500
PV2,20150422,2.1,2.1,1.9,2.1,153300
PVA,20150422,2.2,2.2,2.1,2.2,5000
PVB,20150422,37.4,37.9,37.3,37.5,323050
PVC,20150422,23.6,23.6,23.3,23.3,757350
PVD,20150422,54.5,56.0,54.5,55.5,1498530
PVE,20150422,10.3,10.3,10.1,10.1,121610
PVG,20150422,8.5,8.8,8.5,8.7,186000
PVI,20150422,19.2,19.3,19.0,19.1,232900
PVL,20150422,2.9,3.0,2.9,3.0,109000
PVR,20150422,3.6,3.7,3.5,3.7,58100
PVS,20150422,25.7,26.0,25.6,25.6,1494554
PVT,20150422,12.8,12.9,12.7,12.8,593650
PVV,20150422,3.7,3.8,3.5,3.5,341800
PVX,20150422,4.6,4.7,4.5,4.5,625618
PX1,20150422,0.0,0.0,0.0,10.0,0
PXA,20150422,4.3,4.3,4.3,4.3,4500
PXI,20150422,8.5,8.7,8.5,8.6,8180
PXL,20150422,3.2,3.3,3.2,3.3,82670
PXM,20150422,1.2,1.2,1.2,1.2,31600
PXS,20150422,21.7,22.1,21.6,21.6,541540
PXT,20150422,3.8,3.8,3.7,3.8,14410
QBS,20150422,11.7,11.8,11.6,11.6,148610
QCC,20150422,9.6,9.6,8.0,8.0,15200
QCG,20150422,8.3,8.5,8.3,8.5,159510
QHD,20150422,23.0,23.0,23.0,23.0,9800
QNC,20150422,7.5,7.9,7.5,7.9,4900
QPH,20150422,0.0,0.0,0.0,6.0,0
QST,20150422,0.0,0.0,0.0,9.6,0
QTC,20150422,0.0,0.0,0.0,26.0,0
RAL,20150422,0.0,0.0,0.0,44.0,0
RCD,20150422,11.0,11.0,11.0,11.0,14000
RCL,20150422,0.0,0.0,0.0,26.0,0
RDP,20150422,18.5,19.2,17.8,19.2,18990
REE,20150422,26.4,26.4,26.1,26.2,399510
RIC,20150422,9.3,9.3,9.3,9.3,1300
S12,20150422,0.0,0.0,0.0,5.5,0
S27,20150422,0.0,0.0,0.0,1.4,0
S33,20150422,0.0,0.0,0.0,30.2,0
S55,20150422,79.0,79.0,79.0,79.0,8000
S74,20150422,9.5,9.9,9.5,9.7,25100
S96,20150422,1.8,1.9,1.7,1.8,33800
S99,20150422,11.8,11.9,11.7,11.7,121300
SAF,20150422,0.0,0.0,0.0,40.0,0
SAM,20150422,12.8,13.0,12.5,12.5,1889060
SAP,20150422,0.0,0.0,0.0,10.9,0
SAS,20150422,32.1,32.9,30.1,32.9,102000
SAV,20150422,0.0,0.0,0.0,11.5,0
SBA,20150422,11.0,11.0,11.0,11.0,1580
SBS,20150422,2.5,2.6,2.5,2.6,222801
SBT,20150422,10.6,10.7,10.2,10.2,19020
SC5,20150422,25.6,25.7,25.6,25.7,3990
SCC,20150422,4.1,4.5,4.1,4.5,2100
SCD,20150422,31.5,33.1,31.5,33.1,3430
SCI,20150422,0.0,0.0,0.0,10.4,0
SCJ,20150422,9.9,10.0,9.9,10.0,5700
SCL,20150422,18.0,18.0,17.4,17.7,9200
SCO,20150422,0.0,0.0,0.0,2.5,0
SCR,20150422,7.4,7.4,7.3,7.3,385328
SD1,20150422,3.1,3.1,3.1,3.1,13700
SD2,20150422,7.9,8.0,7.8,7.8,26300
SD3,20150422,0.0,0.0,0.0,7.7,0
SD4,20150422,11.6,11.8,11.5,11.7,6000
SD5,20150422,16.4,16.5,16.3,16.5,49550
SD6,20150422,15.2,15.2,15.1,15.1,68700
SD7,20150422,10.4,10.9,10.4,10.6,42000
SD9,20150422,14.7,14.7,14.4,14.5,69280
SDA,20150422,11.1,11.7,11.1,11.5,88338
SDB,20150422,0.0,0.0,0.0,1.7,0
SDC,20150422,0.0,0.0,0.0,27.0,0
SDD,20150422,3.2,3.2,3.1,3.2,23162
SDE,20150422,0.0,0.0,0.0,3.8,0
SDF,20150422,4.3,4.3,4.3,4.3,33900
SDG,20150422,22.0,22.0,22.0,22.0,100
SDH,20150422,3.8,3.8,3.8,3.8,100
SDI,20150422,59.8,60.7,58.8,59.0,21920
SDJ,20150422,0.0,0.0,0.0,2.0,0
SDK,20150422,0.0,0.0,0.0,16.0,0
SDN,20150422,0.0,0.0,0.0,29.0,0
SDP,20150422,9.6,9.7,9.3,9.4,39300
SDT,20150422,15.0,15.0,14.9,14.9,10078
SDU,20150422,0.0,0.0,0.0,12.1,0
SDV,20150422,0.0,0.0,0.0,14.7,0
SDY,20150422,0.0,0.0,0.0,5.0,0
SEB,20150422,26.0,26.0,26.0,26.0,1600
SEC,20150422,12.0,12.0,12.0,12.0,10
SED,20150422,15.2,16.2,15.2,16.1,1000
SFC,20150422,0.0,0.0,0.0,24.6,0
SFG,20150422,16.5,17.0,16.5,17.0,20000
SFI,20150422,27.9,27.9,27.7,27.7,4840
SFN,20150422,0.0,0.0,0.0,16.0,0
SFT,20150422,0.0,0.0,0.0,3.6,0
SGC,20150422,0.0,0.0,0.0,34.0,0
SGD,20150422,9.5,9.5,9.5,9.5,600
SGH,20150422,0.0,0.0,0.0,58.0,0
SGS,20150422,0.0,0.0,0.0,6.4,0
SGT,20150422,0.0,0.0,0.0,4.9,0
SHA,20150422,8.8,9.0,8.8,8.8,104700
SHB,20150422,8.5,8.6,8.4,8.5,1312329
SHG,20150422,0.0,0.0,0.0,9.6,0
SHI,20150422,9.4,9.6,9.3,9.3,302770
SHN,20150422,3.5,3.6,3.4,3.5,315400
SHP,20150422,19.3,19.8,19.2,19.5,57540
SHS,20150422,8.2,8.3,8.1,8.1,233400
SHV,20150422,0.0,0.0,0.0,0.0,0
SIC,20150422,0.0,0.0,0.0,16.2,0
SII,20150422,0.0,25.5,25.5,25.5,10
SJ1,20150422,17.9,18.0,17.5,17.5,1500
SJC,20150422,0.0,0.0,0.0,4.4,0
SJD,20150422,31.5,33.7,31.0,31.0,10370
SJE,20150422,23.6,23.6,23.6,23.6,200
SJM,20150422,1.6,1.7,1.6,1.7,1100
SJS,20150422,22.8,22.8,22.2,22.8,50720
SKG,20150422,54.0,54.0,51.5,53.0,12280
SKS,20150422,0.0,0.0,0.0,0.0,0
SLS,20150422,26.9,26.9,26.9,26.9,600
SMA,20150422,4.7,5.0,4.7,5.0,27010
SMB,20150422,18.0,18.0,18.0,18.0,100
SMC,20150422,8.0,8.3,8.0,8.2,7810
SMT,20150422,0.0,0.0,0.0,34.0,0
SNC,20150422,31.0,31.0,29.0,30.3,32800
SNG,20150422,0.0,0.0,0.0,0.0,0
SPC,20150422,0.0,0.0,0.0,15.0,0
SPD,20150422,0.0,0.0,0.0,2.5,0
SPH,20150422,0.0,0.0,0.0,5.3,0
SPI,20150422,0.0,0.0,0.0,4.3,0
SPM,20150422,24.5,25.2,24.5,25.0,9620
SPP,20150422,7.0,7.1,7.0,7.1,2200
SQC,20150422,0.0,0.0,0.0,80.0,0
SRA,20150422,1.8,1.8,1.8,1.8,400
SRB,20150422,2.2,2.2,2.0,2.2,17300
SRC,20150422,30.4,30.4,29.4,30.4,550
SRF,20150422,0.0,0.0,0.0,17.9,0
SSC,20150422,53.0,53.0,53.0,53.0,20
SSF,20150422,0.0,0.0,0.0,11.1,0
SSG,20150422,0.0,0.0,0.0,1.4,0
SSI,20150422,20.8,20.9,20.7,20.7,1114650
SSM,20150422,0.0,0.0,0.0,10.3,0
SSN,20150422,0.0,0.0,0.0,10.0,0
ST8,20150422,27.3,27.3,26.5,26.5,1100
STB,20150422,17.8,17.8,17.4,17.4,956280
STC,20150422,0.0,0.0,0.0,19.0,0
STG,20150422,0.0,0.0,0.0,27.1,0
STL,20150422,0.0,0.0,0.0,4.1,0
STP,20150422,8.4,8.4,8.4,8.4,2000
STS,20150422,24.6,24.6,24.6,24.6,600
STT,20150422,5.4,5.4,5.4,5.4,1020
STU,20150422,0.0,0.0,0.0,26.8,0
STV,20150422,8.5,8.9,8.5,8.9,7900
SVC,20150422,22.3,22.4,21.6,21.8,79950
SVI,20150422,0.0,0.0,0.0,37.0,0
SVN,20150422,0.0,0.0,0.0,3.4,0
SVT,20150422,7.0,7.0,7.0,7.0,110
SWC,20150422,0.0,0.0,0.0,8.3,0
SZL,20150422,0.0,18.5,18.5,18.5,51940
TAC,20150422,42.0,43.2,42.0,43.2,310
TAG,20150422,0.0,0.0,0.0,24.0,0
TBC,20150422,27.0,27.0,27.0,27.0,10
TBD,20150422,36.5,36.5,36.5,36.5,15500
TBT,20150422,0.0,0.0,0.0,4.4,0
TBX,20150422,9.2,9.2,9.2,9.2,100
TC6,20150422,0.0,0.0,0.0,15.2,0
TCL,20150422,29.0,29.0,28.4,28.4,10330
TCM,20150422,31.5,31.5,31.2,31.2,148300
TCO,20150422,12.7,12.7,12.5,12.5,13920
TCR,20150422,5.4,5.6,5.4,5.6,2240
TCS,20150422,9.3,9.3,9.2,9.2,7100
TCT,20150422,71.6,72.0,70.1,71.1,1500
TDC,20150422,9.9,10.1,9.9,10.0,206110
TDH,20150422,17.6,17.7,17.5,17.5,33470
TDN,20150422,0.0,0.0,0.0,10.5,0
TDS,20150422,0.0,0.0,0.0,6.1,0
TDW,20150422,27.0,27.8,27.0,27.7,1930
TET,20150422,0.0,0.0,0.0,23.0,0
TGP,20150422,0.0,0.0,0.0,2.9,0
TH1,20150422,20.6,20.6,20.6,20.6,2100
THB,20150422,0.0,0.0,0.0,34.7,0
THG,20150422,0.0,0.0,0.0,17.5,0
THS,20150422,0.0,0.0,0.0,7.0,0
THT,20150422,0.0,0.0,0.0,15.9,0
TIC,20150422,13.0,13.0,13.0,13.0,10040
TIE,20150422,13.9,13.9,13.5,13.5,17010
TIG,20150422,10.8,10.8,10.5,10.6,258510
TIS,20150422,6.6,6.6,6.2,6.2,7700
TIX,20150422,21.0,21.8,21.0,21.8,16410
TJC,20150422,10.2,10.2,10.1,10.1,63300
TKC,20150422,11.4,11.8,11.4,11.8,4200
TKU,20150422,0.0,0.0,0.0,9.5,0
TL4,20150422,7.7,7.7,7.6,7.6,3800
TLG,20150422,58.5,59.0,58.5,59.0,3400
TLH,20150422,6.5,6.6,6.5,6.6,147020
TLT,20150422,7.2,7.3,6.1,6.1,7200
TMC,20150422,0.0,0.0,0.0,11.5,0
TMP,20150422,27.3,27.3,27.3,27.3,900
TMS,20150422,49.0,52.0,49.0,52.0,40
TMT,20150422,28.2,28.9,28.0,28.5,38420
TMW,20150422,0.0,0.0,0.0,11.1,0
TMX,20150422,10.5,10.5,10.5,10.5,2000
TNA,20150422,30.0,30.0,30.0,30.0,30
TNB,20150422,0.0,0.0,0.0,3.8,0
TNC,20150422,11.1,11.4,11.1,11.2,4670
TNG,20150422,24.1,24.3,24.0,24.2,175700
TNM,20150422,0.0,0.0,0.0,3.3,0
TNT,20150422,5.6,5.7,5.4,5.4,46720
TNY,20150422,0.0,0.0,0.0,14.2,0
TPC,20150422,7.4,7.6,7.4,7.6,15210
TPH,20150422,0.0,0.0,0.0,14.5,0
TPP,20150422,13.8,13.8,13.7,13.7,200
TRA,20150422,76.5,77.0,75.0,75.0,680
TRC,20150422,26.7,26.8,26.6,26.6,9910
TS4,20150422,9.4,9.4,9.3,9.4,22420
TSB,20150422,0.0,0.0,0.0,10.0,0
TSC,20150422,23.4,23.5,22.7,22.7,303850
TSM,20150422,0.0,0.0,0.0,2.7,0
TST,20150422,6.0,6.2,6.0,6.0,45500
TTB,20150422,16.6,16.6,16.4,16.4,28900
TTC,20150422,10.9,10.9,10.5,10.8,5000
TTF,20150422,10.4,10.5,10.2,10.2,402430
TTG,20150422,8.1,8.1,8.1,8.1,100
TTP,20150422,20.1,20.1,20.1,20.1,20
TTR,20150422,0.0,0.0,0.0,9.1,0
TTZ,20150422,4.4,4.4,4.3,4.4,3100
TV1,20150422,0.0,0.0,0.0,13.0,0
TV2,20150422,40.8,41.0,40.8,41.0,7600
TV3,20150422,29.0,29.0,29.0,29.0,1150
TV4,20150422,0.0,0.0,0.0,14.3,0
TVC,20150422,25.9,26.2,25.6,25.8,150800
TVD,20150422,11.6,11.6,11.6,11.6,4500
TVG,20150422,0.0,0.0,0.0,1.0,0
TVS,20150422,12.3,12.3,12.2,12.3,27800
TXM,20150422,0.0,0.0,0.0,9.6,0
TYA,20150422,10.8,10.9,10.6,10.7,45780
UDC,20150422,4.7,4.7,4.5,4.6,18960
UDJ,20150422,8.3,8.3,8.0,8.0,11000
UIC,20150422,18.3,18.6,18.3,18.6,1950
UNI,20150422,10.2,10.2,10.0,10.0,11100
V11,20150422,1.8,1.8,1.7,1.7,4600
V12,20150422,0.0,0.0,0.0,10.3,0
V15,20150422,0.0,0.0,0.0,1.1,0
V21,20150422,4.5,4.8,4.5,4.8,1100
VAT,20150422,0.0,0.0,0.0,8.2,0
VBC,20150422,0.0,0.0,0.0,42.0,0
VBH,20150422,0.0,0.0,0.0,14.3,0
VC1,20150422,13.6,14.8,13.6,13.6,4800
VC2,20150422,15.3,15.4,15.2,15.2,8635
VC3,20150422,19.9,19.9,18.5,18.5,9600
VC5,20150422,0.0,0.0,0.0,3.7,0
VC6,20150422,8.0,8.2,8.0,8.2,13400
VC7,20150422,8.8,8.9,8.8,8.8,9800
VC9,20150422,9.0,9.0,9.0,9.0,6500
VCA,20150422,5.3,5.3,5.3,5.3,100
VCB,20150422,36.7,37.1,36.7,37.0,669760
VCC,20150422,16.3,16.3,16.3,16.3,200
VCF,20150422,0.0,0.0,0.0,212.0,0
VCG,20150422,12.8,12.8,12.6,12.8,239420
VCM,20150422,16.0,16.0,16.0,16.0,800
VCR,20150422,4.0,4.0,4.0,4.0,30000
VCS,20150422,30.0,30.0,29.6,29.8,46000
VCT,20150422,0.0,0.0,0.0,6.1,0
VCX,20150422,0.0,0.0,0.0,4.2,0
VDL,20150422,0.0,0.0,0.0,33.0,0
VDN,20150422,0.0,0.0,0.0,15.5,0
VDS,20150422,7.6,7.6,7.2,7.2,62310
VDT,20150422,0.0,0.0,0.0,9.3,0
VE1,20150422,5.9,6.0,5.8,5.9,31600
VE2,20150422,12.0,12.0,12.0,12.0,600
VE3,20150422,14.7,14.7,14.3,14.3,2600
VE4,20150422,15.4,15.5,15.0,15.2,11900
VE8,20150422,9.9,10.7,9.9,9.9,500
VE9,20150422,16.7,17.1,16.7,17.1,569800
VFC,20150422,9.7,9.7,9.7,9.7,100
VFG,20150422,51.0,52.5,51.0,52.5,980
VFR,20150422,15.7,15.7,15.7,15.7,120
VGP,20150422,17.7,19.8,17.7,17.8,3300
VGS,20150422,5.7,5.8,5.7,5.8,33806
VHC,20150422,38.2,38.2,37.0,37.3,215280
VHF,20150422,0.0,0.0,0.0,13.0,0
VHG,20150422,10.8,10.9,10.5,10.5,1842180
VHH,20150422,0.0,0.0,0.0,2.4,0
VHL,20150422,32.5,32.8,32.5,32.8,18031
VIC,20150422,48.8,48.8,48.5,48.6,625130
VID,20150422,4.8,5.2,4.8,5.0,59260
VIE,20150422,3.9,3.9,3.9,3.9,1700
VIG,20150422,3.7,3.8,3.7,3.7,159300
VIN,20150422,11.0,11.0,10.1,10.1,1100
VIP,20150422,12.1,12.4,12.0,12.0,247280
VIR,20150422,13.8,13.8,13.8,13.8,100
VIS,20150422,6.9,6.9,6.7,6.7,43310
VIT,20150422,21.2,21.9,21.2,21.9,4100
VIX,20150422,12.7,13.0,12.4,12.4,470300
VKC,20150422,8.5,8.9,8.5,8.8,161800
VKD,20150422,0.0,0.0,0.0,5.4,0
VKP,20150422,1.2,1.2,1.2,1.2,900
VLA,20150422,0.0,0.0,0.0,11.3,0
VLF,20150422,0.0,0.0,0.0,5.1,0
VMC,20150422,0.0,0.0,0.0,20.2,0
VMD,20150422,0.0,0.0,0.0,19.8,0
VMI,20150422,25.4,26.0,25.4,25.8,257800
VNA,20150422,3.9,3.9,3.9,3.9,15970
VNC,20150422,0.0,0.0,0.0,21.5,0
VND,20150422,11.0,11.0,10.7,10.7,620959
VNE,20150422,14.5,14.5,14.0,14.0,28900
VNF,20150422,0.0,0.0,0.0,51.8,10
VNG,20150422,11.8,11.8,10.7,10.7,220
VNH,20150422,2.0,2.0,1.9,2.0,29620
VNI,20150422,4.4,4.4,4.2,4.2,8000
VNL,20150422,25.0,25.1,25.0,25.0,2660
VNM,20150422,108.0,109.0,107.0,108.0,45490
VNN,20150422,2.8,3.4,2.8,2.9,5800
VNR,20150422,0.0,0.0,0.0,23.4,16
VNS,20150422,40.0,40.0,39.6,39.9,220
VNT,20150422,0.0,0.0,0.0,51.0,0
VNX,20150422,0.0,0.0,0.0,2.7,0
VOS,20150422,4.5,4.7,4.5,4.5,236700
VPC,20150422,1.5,1.6,1.5,1.6,12100
VPH,20150422,12.1,12.1,11.9,12.0,42060
VPK,20150422,22.1,22.1,22.1,22.1,60
VQC,20150422,0.0,0.0,0.0,16.0,0
VRC,20150422,6.8,6.9,6.7,6.7,13300
VRG,20150422,0.0,0.0,0.0,3.0,0
VSC,20150422,50.5,53.0,50.5,53.0,28570
VSG,20150422,1.2,1.2,1.2,1.2,100
VSH,20150422,13.1,13.3,13.1,13.3,83370
VSI,20150422,9.5,10.0,9.5,10.0,4060
VSP,20150422,1.5,1.5,1.4,1.5,19500
VST,20150422,1.7,1.8,1.7,1.8,30050
VT1,20150422,0.0,0.0,0.0,9.7,0
VT8,20150422,0.0,0.0,0.0,11.5,0
VTA,20150422,5.9,5.9,5.9,5.9,5600
VTB,20150422,12.5,12.8,12.0,12.8,1960
VTC,20150422,6.7,6.7,6.7,6.7,310
VTF,20150422,29.0,30.3,29.0,29.8,45170
VTH,20150422,15.4,15.4,14.8,15.3,5700
VTI,20150422,5.7,6.0,5.7,6.0,1900
VTJ,20150422,3.3,3.3,2.8,2.8,1300
VTL,20150422,0.0,0.0,0.0,17.0,0
VTO,20150422,7.7,7.7,7.5,7.5,238700
VTS,20150422,0.0,0.0,0.0,8.5,0
VTV,20150422,24.0,24.4,24.0,24.3,29200
VTX,20150422,8.0,8.0,8.0,8.0,100
VXB,20150422,0.0,0.0,0.0,12.0,0
WCS,20150422,126.3,129.0,126.3,129.0,1300
WSB,20150422,37.0,37.0,35.4,35.4,400
WSS,20150422,6.5,6.5,6.3,6.4,108700
WTC,20150422,0.0,0.0,0.0,1.8,0
XPH,20150422,13.6,13.8,12.8,13.8,44600
YBC,20150422,0.0,0.0,0.0,3.7,0
^BDS,20150422,244.9,246.1,242.6,244.2,33561768
^CAOSU,20150422,677.9,682.5,674.6,679.0,153890
^CK,20150422,119.9,120.9,118.5,119.4,5242930
^CONGNGHE,20150422,332.0,337.5,330.4,331.1,3373014
^DAUKHI,20150422,134.4,136.6,133.4,134.8,10817398
^DICHVU,20150422,290.2,290.4,289.3,289.6,36410
^DUOCPHAM,20150422,609.3,613.1,603.3,609.3,6337856
^GIAODUC,20150422,383.6,386.1,382.3,384.9,53300
^HASTC,20150422,83.1,83.2,82.8,82.9,37343467
^KHOANGSAN,20150422,202.9,203.7,202.4,202.9,1938798
^LARGECAP,20150422,448.6,452.3,445.7,448.8,16750380
^MIDCAP,20150422,222.1,225.0,220.4,222.6,26049739
^NANGLUONG,20150422,336.4,339.2,334.0,336.4,1247418
^NGANHANG,20150422,323.6,326.8,321.8,324.2,8165466
^NHUA,20150422,873.1,883.2,871.8,883.0,569510
^SMALLCAP,20150422,226.6,228.5,222.9,224.8,7636171
^SXKD,20150422,526.2,528.7,517.3,523.0,4632390
^THEP,20150422,172.5,176.8,170.4,174.8,773391
^THUCPHAM,20150422,704.5,708.6,701.2,704.5,705972
^THUONGMAI,20150422,341.0,342.5,338.7,339.6,2777900
^THUYSAN,20150422,738.0,741.2,732.5,736.0,1329490
^UPCOM,20150422,63.7,63.9,63.0,63.8,1800166
^VANTAI,20150422,186.8,189.9,185.4,187.9,2737511
^VLXD,20150422,309.9,318.5,307.5,315.8,2222311
^VN30,20150422,594.9,597.4,593.7,594.0,26928180
^VN50,20150422,423.0,426.9,420.2,423.5,29228451
^VNINDEX,20150422,562.6,565.0,561.5,562.5,91608120
^VNINDEX2,20150422,432.7,437.6,429.1,433.0,90531445
^XAYDUNG,20150422,131.4,133.4,129.8,131.9,11351921
